ID	Mass	x11_06_2016_QC_GA2_01_484_csv	x11_06_2016_QC_GA2_01_485_csv	x11_06_2016_QC_GA2_01_490_csv	x11_06_2016_QC_GA2_01_491_csv	x11_06_2016_QC_GA2_01_492_csv	x11_06_2016_QC_GA2_01_493_csv	x11_06_2016_QC_GA2_01_494_csv	x11_06_2016_QC_GA2_01_500_csv	x11_06_2016_QC_GA2_01_512_csv	x11_06_2016_QC_GA2_01_518_csv
1	83.037324	0	0	269535.3	0	0	262176	0	269240	0	0
2	83.952524	1365203	1262715	1344321	1280023	1192864.1	1182152	1183414.5	1160539	1100861.3	1107672
3	84.021314	645329	614752	596551.3	613171	622149.3	612095	629193.8	623883	635112.3	633037
4	85.089244	780819	0	767879.8	723093	727445.8	856546	0	0	0	0
5	85.089374	130849	0	0	0	122790.7	0	0	0	0	0
6	85.985574	382726	352083	368965.3	357752	330205.3	333374	332551.1	321062	319483.5	304530
7	86.036994	383750	372822	367324.7	366209	367150.5	378686	334770.4	361541	361696.5	277823
8	86.036964	2914993	2862734	2871142.5	2767531	2758382	2718924	2720253	2773408	2704998	2722166
9	87.068624	765952	740298	768535.4	754165	724360.8	727095	726797.8	738146	708727.3	729914
10	88.016224	633325	643804	635811.6	617893	612249.4	611739	633098.9	631037	645410.4	636419
11	89.047724	0	0	0	0	0	0	0	0	0	80006
12	90.068349	0	0	172817.3	0	166564.9	0	170071.6	109183	0	0
13	92.047464	1110893	1062037	1081111.3	1085185	1099044.6	1083706	963246.5	966084	1110380	1070732
14	96.0212470769231	463147	552743	305727.1	880583	825612.9	713080	306082.3	566307	597967.8	418914
15	96.057724	0	0	0	0	0	0	0	0	1067433.4	0
16	97.977024	8281146	8192841	8811161.3	8813740	8565092.8	8549001	8649050.3	5904365	8232952.8	6059204
17	98.000644	451970	473059	479638.8	459297	461520.1	466547	475353.5	459970	428257.7	459136
18	99.068657333333	0	0	0	0	0	355951	351167.4	336211	0	0
19	99.068594	902044	901682	910632.6	910528	884895.7	919991	938516.4	924678	886885.4	893258
20	100.001114	3728923	3446542	3549231.5	3521218	3614930	3254312	3066723.5	3066208	2995712	3037328
21	100.016164	14785940	14554280	14636541	14341212	14329845	14117072	15649422	15824730	13792531	14346973
22	100.016104	45718936	46822900	46396212	45002616	45653088	44759768	45102312	46877256	47774496	49888544
23	100.016164	9947743	0	4560997	2832508	0	2102578	0	3282379	0	0
24	100.016204	0	2171254	0	0	1517275.3	0	1294218.4	0	1496452.3	4183348
25	100.016164	8194784	8033943	8387009	8302648	8261432	8110052	8112336	7829062	7880376.5	7765292
26	100.052594	1324783	1289474	1295787	1330462	1294052	1238057	1378576.5	1278255	1313193.4	1260063
27	101.002304	533560	490451	526285.1	446950	500071.6	473078	447460.1	456428	443093.6	444485
28	101.047724	0	0	0	113580	117242.2	0	0	0	104965.1	0
29	101.963014	509824	480588	481963.7	459179	431864.6	437232	433210.2	399538	389910.1	383894
30	101.998704	577676	540212	560295.6	553234	548017.7	537179	497160	493987	499960	483998
31	102.031835111111	600940	935328	925084	0	877620.1	641367	1753682.8	717906	927210	632769
32	102.031874	0	363291	0	0	0	0	0	0	363854.4	0
33	102.047184	669687	623418	596907.4	619976	591226.4	605742	583249.6	645225	616738.9	615550
34	103.045624	156700	0	0	0	0	0	0	0	0	166817
35	103.063474	223132	183376	218632.8	1181609	0	0	0	0	1185382.4	1221664
36	103.063495428571	1353908	1350886	1283850.1	0	1218529.3	1276735	1238561.3	1256924	0	0
37	103.0634615	476624	404522	407501	384836	0	390654	0	377538	375024.2	364679
38	103.099754	15746302	15896075	15106470	15152844	15133220	15194946	15266573	15314094	15662319	181157
39	104.011152571429	557326	557884	0	661598	0	0	648766.8	659499	662143.2	652035
40	104.011124	1592413	1674461	1599989.3	1573841	1557138.5	1556203	1548526.5	1524756	1579906.1	1542415
41	104.0297115	229578	267717	223692.1	209897	207397.7	207336	0	226599	219333.6	0
42	104.062814	739186	733700	722962.8	700794	716728	713906	666910.2	716014	733203.5	768522
43	104.062744	2580900	2609831	2676201.5	2526518	2562578.8	2546047	2500060.3	2487597	2481464.5	2581937
44	104.062784	1241852	1258712	1326664.8	1247523	1280899.9	1273374	1262096.1	1250337	1261750.8	1331749
45	106.028024	0	0	0	0	208141.6	0	0	0	0	205613
46	108.021544	0	0	213372.7	229953	219292.7	0	217030.5	0	0	236591
47	108.021304	231849	222509	228539.9	226869	219998.2	213877	225917.8	208965	221430	215524
48	108.057664	0	396058	0	0	628234.8	0	539535.3	0	453947.6	541273
49	109.0014615	266817	249537	252964.8	211791	224719.8	224397	0	213118	0	202222
50	109.983057333333	285181	284170	273324.9	0	270115.7	263711	258176.1	286239	264846.7	267052
51	110.000604	0	293379	329540.9	0	0	0	304476.6	306879	0	331506
52	110.000574	381835	360893	349577.6	0	0	0	352092.3	355974	0	360204
53	110.036868444444	322935	303777	318755	339019	345236.3	309656	303303.8	304641	0	304985
54	110.0369365	653135	724724	536058.1	724844	0	0	879785.8	704444	536189	624053
55	111.068554	661247	682709	635292.9	620775	635261	646916	664372.9	664469	656036.4	674883
56	112.016224	527180	0	0	0	0	0	0	228249	0	0
57	112.027364	686507	700103	637473.6	641548	670016.5	607168	675652.7	625701	662693.2	650614
58	112.052564	739434	755286	741645.8	778569	668121.7	737040	779622.9	735095	798234.7	711063
59	112.052724	0	150889	0	0	0	0	0	0	0	0
60	112.052624	313087	0	0	0	0	0	0	0	0	0
61	112.052549	1139961	0	0	571689	634417.9	0	0	0	0	0
62	113.047864	215131	231148	220899.4	231086	212728.8	214264	228670.8	238708	245970.2	248838
63	113.084274	1161321	1187061	1139515.3	1185649	1056142.6	1050561	1051949	1072931	1128958.8	1054896
64	113.980414	2782426	2632039	2801988.8	2662501	2547645.5	2493380	2515481.3	2399768	2385285.3	2352727
65	114.031734	531697	534131	447778.2	284898	293845.2	280103	385614	346982	256777.6	323531
66	114.068257333333	0	0	248549.5	0	0	0	281433.3	272886	0	0
67	114.068244	7148863	7012684	7065691	6946240	6760976.5	6744732	6652016	6534788	6599458	6696316
68	114.981644	397915	374988	383295.6	374353	352219.6	338119	344980.7	328526	324724.5	334011
69	115.063569454545	63988276	63672004	54661456	59709907	55034612	54072444	54285704	54886784	54518788	55316792
70	115.063501777778	6159291	5720714	5221398.5	0	5008144.5	4672704	4674903.5	6274829	5594076.5	5797377
71	115.063504	7615570	7636495	7411652.5	7743288	7495615	6871506	6577841	8238158	8079576.5	8046365
72	115.063494	4215611	3956110	2708893.8	2572036	1167276.4	1761196	1463749	5282112	2292191.3	3780934
73	115.063224	890428	0	0	0	0	0	0	0	0	0
74	115.978384	756279	701484	763880.1	735410	707611.6	681087	662704.7	657290	632191.4	659274
75	116.011324	0	148270	0	0	0	0	0	0	0	0
76	116.011144	810718	817809	795713.1	791791	819066.3	762839	799360.3	835797	810535.1	789708
77	116.047474	11238867	11323868	11163299	11054687	11045050	10944427	11149992	10986461	11230811	11207767
78	116.047504	2369406	2387081	2587457.3	2435631	2426230.8	2495880	2538681.5	2534139	2575152.8	2584668
79	116.066724	0	0	4757745	4428008	4840800.5	4963645	4786839.5	4922568	4895191	4912824
80	117.0790365	5166156	2303259	2418331.8	3147651	5400555.8	3001645	5387842.8	5402728	5394547.3	5353337
81	117.991624	0	0	0	0	0	0	0	115201	0	0
82	118.011546222222	306015	283277	291119.8	262814	276220.4	265904	260006.9	266968	234220.5	0
83	118.026794	2985006	3007095	2903703.3	2949973	2880085	2862429	2875149.8	2984762	2993688.8	2934460
84	118.063154	807890	801519	782118.9	801481	720917.4	735145	745194.3	854393	827852.8	819900
85	119.058334	199676	200260	307098.8	307598	291278.7	302021	298097.3	307152	299109.8	307868
86	119.073624	16114761	16506436	16064086	15959532	15990149	15902575	16090687	15792298	16056105	15883653
87	119.073704	1005298	965828	1001028.6	1016078	1053634.3	1006194	1061021.5	1024072	1080592.6	1076635
88	120.057694	1968934	1909161	1892175.5	1877321	1837074.6	1857581	1884123.3	1791199	1871503.3	1821167
89	121.089364	592097	614073	656443.8	666541	650245.2	652882	737718.6	693770	672686.8	685977
90	121.089374	2165205	2112709	2244422.8	2211826	2166206.3	2248806	2254283	2196943	2305879	2267747
91	121.089368444444	2265912	2132875	2248718.3	0	2562331.3	2022116	2336139	2320841	1797091.6	2174390
92	122.040134	455965	800802	715753.3	394177	713114.9	748074	418507.3	767588	737174.1	741129
93	122.058224	0	0	0	0	0	0	187172.3	0	0	0
94	122.073424	1362902	616631	600655.1	0	0	2586259	717349.6	778551	0	0
95	123.998601777778	331077	301212	328424.6	0	354115.8	345857	286692	318651	307756.4	375724
96	124.071524	258019	0	179618.5	0	0	0	0	0	0	0
97	126.008334	2237980	2251239	2293594.8	2337235	2334998.8	2275240	2378644.8	2241073	2362432.5	2338996
98	126.031990666667	618338	579963	0	0	0	0	0	0	662357.8	0
99	126.031874	2589495	2647179	2591228	2510896	2460244.5	2463732	2506598.3	2479419	2524665.5	2607623
100	126.031894	287884	302948	300984.6	300122	301042.3	297580	310647.2	284425	307687.8	335890
101	127.063554	215234	212881	269993.7	200630	175551.5	259720	270206.1	272150	192444.9	186402
102	127.099884	1051587	1045388	1050897.6	1035917	1008263.5	981365	986290.5	1028114	1005820.3	1034990
103	127.978749	0	0	0	0	0	0	192552.9	233477	241774.1	185417
104	127.994799	218203	203642	0	210580	0	0	0	225238	0	0
105	128.011204	1477315	1496211	1516158.5	1494106	1556284.3	1495289	1505211.4	1506961	1540428.6	1462165
106	128.011194	573371	610477	594763.7	536708	587807.6	576587	584891.9	603598	634519.2	575559
107	128.031624	366739	304169	0	0	0	0	0	0	0	314061
108	128.047657333333	1275431	1340022	0	0	0	0	0	1391839	0	0
109	128.047454	45842448	46482384	44706236	44772872	43967172	43337768	44809788	46273628	47053384	47052308
110	128.047546222222	3675461	4272920	2787826.3	0	2261057.5	2527601	2511025.5	2972236	2986251.8	2995201
111	128.047574	2967611	2022868	2224260.8	0	0	0	1574028	0	1060818.8	1561441
112	128.047474	27027554	26861226	27965478	27481428	27006610	26815644	26615268	26193368	26336860	26205142
113	128.131464	514911	512088	517681.2	508243	508629.1	501481	524697.2	516686	518097.8	496857
114	129.042790666667	0	276559	365939.7	0	0	0	0	0	508292.2	0
115	129.042754	23490046	24583428	24546132	23759814	25122794	24905132	24869174	24652800	22747746	24519456
116	129.078990666667	0	507896	533390.3	0	552196	0	0	0	0	0
117	129.079108210526	5315600	5078355	5627786.6	5732446	5668928.8	5643331	4844038	5484686	5695755.3	5535501
118	129.079290666667	215792	228382	212375.7	0	0	0	0	237748	232529.7	229882
119	129.115554	1278292	1282957	1300130.4	1278853	1274733.5	1259416	1298722.8	1255885	1287364.9	1299253
120	129.115464	46735672	46828064	47695448	46670748	46364968	45970888	46375932	46187540	46085900	46969700
121	129.958004	2200977	2041136	2179053.5	2061140	1943032.6	1897606	1898154.6	1820747	1769520.8	1758091
122	129.994299	0	491007	0	560665	738865.7	791063	863376.3	973401	997241.7	1001295
123	130.026814	5397708	5518751	5495971.5	5527675	5417004.5	5600969	5453692.5	5586894	5499573	5345675
124	130.026804	2206174	2306396	2218992.3	2226280	2224541.3	2261472	2274143.5	2262764	2261593	2248978
125	130.026814	7719769	8373714	8059354	8151306	7946750.5	8284067	8306425.5	8448379	8076352	8220919
126	130.026894	633202	670635	684166.6	689749	689473.4	656849	662213.8	709621	684014.9	656371
127	130.042034	281460	261269	294192.8	266899	263431.3	236678	231445.7	240086	206536.6	238561
128	130.063207333333	430918	0	0	566302	537197.1	479313	572194.9	0	544870.6	0
129	130.063224	588805	611308	0	0	0	0	0	0	0	0
130	130.063124	169179	0	0	0	0	0	155596.4	0	0	157271
131	130.0631365	827071	0	857881.3	906679	892479.4	870803	829259	0	798253.5	790132
132	130.063194	5422179	5302515	5612711.5	5595676	5523232.5	5461914	5546404.5	5130314	5435625	5483359
133	130.063238285714	401709	446611	0	0	452802.3	427511	395188.7	0	451041.1	498836
134	131.058354	319622	332334	466517.4	483413	473977.3	480266	472179.3	458249	486085	487123
135	131.058468444444	836381	865179	0	734393	835075.8	798636	725055.4	775424	774208.1	808474
136	131.094734	24377438	24576158	24685352	24666032	25184526	25178352	25074894	25049974	25310938	25645990
137	131.094844	3133923	3061857	3062827	2901364	3010842.5	2837883	2855443.5	3070605	2971921.8	2854474
138	131.106124	200922	193754	0	0	0	0	175222.3	0	169034.3	0
139	131.990994	359315	340036	347918.6	297124	311523	307141	304398.1	295393	300697.7	294130
140	132.024324	0	246007	0	0	281536.1	0	0	0	257569	0
141	132.042387157895	793992	1067748	1292807.1	1030948	1263225.4	1766389	1044665.4	1169076	1268158.2	758231
142	132.042394	27664218	30050154	27614258	27204058	27294744	27034076	27054776	27257896	27445750	27390534
143	132.042384	4336827	4449375	4370760	4360150	4403630	4474329	4440587	4566579	4558579	4539975
144	132.078864	2399006	2392737	2408813.5	2304301	2309212.8	2302243	2281147	2227796	2208698.5	2207662
145	133.037654	255614	266267	338483.9	319325	329843.9	0	327007.1	955730	355529.8	340113
146	134.023204	0	0	0	0	0	286765	306767.6	368440	416974.5	411082
147	134.021324	0	0	0	261033	0	0	0	0	0	0
148	134.058124	427694	0	0	0	0	0	0	0	0	0
149	135.054664	768661	767564	819834.8	808420	783580.3	752827	796615.6	803115	778241.8	786100
150	135.068490666667	508062	0	372063.3	521268	489498.4	486731	0	0	356737.4	0
151	135.068604	316429	374534	350132.5	355038	349076.6	360709	370293.7	380625	351891.8	354102
152	136.038624	0	492028	0	0	0	0	655304.7	0	0	0
153	137.047774	8331993	8268693	8184556	8383196	8300668.5	8465927	8322545.5	8334170	8532889	8414737
154	137.995504	647367	677854	698062.9	683503	677841.4	680796	688092.4	710185	719507.8	747049
155	137.995544	933011	972329	922291.6	928935	924619.4	953948	950834.9	972020	975113.3	956347
156	138.031957333333	0	0	0	0	111336.4	122985	0	122638	0	0
157	138.068290666667	0	0	0	0	394652.3	1363376	0	0	517653.6	0
158	140.009349	0	0	0	0	473018.3	0	466559.1	464098	447586.6	0
159	140.045354	476427	288658	1036948.4	1461096	1394572.1	1382011	1405374.6	1339244	1299156.9	1275063
160	140.047524	257712	230572	239623.3	259902	285722.8	275479	259064.5	258446	267305	292323
161	140.047624	0	0	0	0	0	157637	0	0	0	0
162	141.090384	891250	824863	920918.8	884363	825085.8	805595	822754.1	804021	800130.8	754787
163	142.063424	0	0	0	0	0	0	0	138970	0	0
164	143.040704	645548	656019	648259.5	594772	596645.1	573542	585076.9	549238	545575.1	550401
165	143.058481142857	372555	421032	330545.6	307807	342837.1	0	0	348261	0	296136
166	143.094782333333	15876065	14694969	14177703	13332426	14791189.5	14209314	12942069	13352142	12526111	13976174
167	143.094924	0	0	0	0	0	0	1286064.1	0	587401.6	0
168	143.094864	803887	493249	678941.3	382427	596373.3	555368	579172.2	585186	548805.3	549056
169	144.010024	189259	0	0	0	0	0	0	0	0	0
170	144.042469	1544163	1514468	1604511	1066271	1366183.7	1021049	1539866.6	1620199	1298862.9	1435462
171	144.042464	4950039	5031276	4850176	4762775	4788821.5	4888413	4796517.5	4913462	4896439	4892168
172	144.042464	2508004	2506936	2712907.8	2650567	2522180	2731709	2648531.5	2626324	2710322.5	2649023
173	145.052954	1079106	1115353	1056169.3	967032	995535.1	1085436	1089749.3	977089	995022.9	1098146
174	145.052949	219764	217213	0	0	0	0	261418.3	0	0	240702
175	145.053257333333	381550	383271	409988.7	0	0	0	0	0	0	0
176	145.074034	507175	523189	623709.2	641235	619161.6	615686	625800.4	674615	623885.3	637499
177	145.074224	344508	0	0	0	0	0	0	0	0	0
178	145.110394	860788	821752	798017.5	794908	806992.6	801340	806056.3	772031	815531.1	798017
179	145.110514	1161430	1070750	1089466.3	1052421	1058707.5	1055236	1081682.9	1051850	1081719.9	1107116
180	145.110464	2275038	2305448	2251061.8	2203752	2278559.5	2191133	2220180.8	2210568	2229182	2220341
181	145.158054	2265319	2272443	2351059.5	2346083	2307979.3	2292832	2339323.5	2309276	2273105.8	2311741
182	146.006604	210371	186681	0	227991	239880.3	0	0	221944	0	0
183	146.021734	569178	609922	547156.4	462534	618226.8	533862	472290.2	481708	477437.3	494568
184	146.021734	403778	421790	408019.6	398274	395693.6	401934	397044.2	419757	406373.5	397729
185	146.036804	385183	382851	514637.4	518516	530675	544605	526499.1	546077	556112.1	563045
186	146.036814	475940	539846	661552.4	681100	679524	695205	680394.6	708993	721082.3	717200
187	146.058110666667	428052	929027	502168.1	463048	519663.1	439656	554241.7	577507	565860.8	996411
188	146.058124	4439414	4493173	3872564.5	4135783	3812582.5	4131397	4175092	4533308	4463583	4635840
189	147.053304	849201	849652	1189252.4	1774216	1207850.8	1205303	1207081.6	1716604	1242554.5	1206081
190	147.071709714286	282816	257644	313380.8	305271	238585.9	0	281007.2	0	0	315636
191	148.016224	0	182992	0	183880	189940.7	186336	187509.2	196838	195945.6	191408
192	148.037324	0	0	0	0	0	0	0	525599	0	0
193	148.052664	636202	638894	621924.6	592731	625109.8	695517	618114.7	622879	621045.4	624321
194	149.051295428571	0	725784	0	889888	958752.3	933558	970916.7	868154	860149.2	0
195	150.000624	0	291550	0	343772	412415.2	453213	499384.4	571329	675194.4	687212
196	150.016590666667	0	0	202963.3	199141	197080.4	195338	202717	0	0	205892
197	150.141124	360407	0	0	0	0	0	0	0	0	0
198	151.049499	455323	488864	432404	431171	0	0	444781	473104	495912.6	462999
199	151.939914	4031282	3761655	4159040.5	3823843	3774962.3	3748374	3738008.8	3763840	3885748.5	3851142
200	152.033601777778	6010104	5773511	5718756	5597517	5609183.5	5582338	0	5501668	5366827.5	5416578
201	152.046190666667	0	0	0	0	0	0	59459.5	74951	68146.9	0
202	152.066184	387192	631957	383912.4	519572	580459.6	510606	507733.6	475318	633581.9	518993
203	152.084024	0	0	0	0	0	0	0	0	282529.5	0
204	153.042814	807416	830546	760284.5	760902	775176	769347	736487.9	759192	743556.1	775744
205	153.972944	1764974	1678455	1796473.5	1675691	1630209.6	1669255	1689858.4	1702005	1788711.1	1760063
206	154.039724	0	682003	718583.4	0	0	0	698983	0	0	0
207	155.970924	207787	203792	0	201974	0	0	0	0	219850.6	218724
208	156.006000923077	782519	768226	786881	817432	820857.3	819595	830927.6	864674	798052.7	836848
209	156.006114	428282	435086	429992.6	421288	421806.5	433725	428394.1	441973	447776.1	461359
210	156.042524	176595	0	0	216076	213373.2	0	203715.2	0	0	0
211	156.042374	238105	0	218845.1	0	0	0	0	0	0	0
212	156.042474	5862182	5857080	5831866	5803666	5663646	5697161	5748831	5724991	5763423	5708474
213	156.042449	0	528490	589791.4	0	0	0	0	0	578470.8	612206
214	156.078884	375734	424971	313932.7	351185	437463.9	432741	394023.3	436706	301234.9	421120
215	156.078824	0	0	0	0	401354.3	0	0	0	0	0
216	157.074181142857	200537	162275	0	185436	219603.6	205352	234735.2	0	0	277921
217	157.074152571429	0	797272	653237.2	722534	785604.6	776700	766276.6	0	0	814170
218	157.074094	6271376	6410461	5902776.5	5627809	6156342	5809309	5762238	5705112	5765013.5	5718490
219	157.074094	11723106	12363097	11535427	11580063	11892549	12016283	12237728	12277199	12407238	12118314
220	157.089554	547593	549963	470213.1	549534	455194.4	496665	529079.9	565795	556322.5	557316
221	157.146894	574552	655386	695856.8	710411	748447.3	407968	535302.1	518141	599495	503760
222	158.0066615	0	235906	0	333426	334055.7	353258	389388.1	585926	678458.9	531311
223	158.058224	243954	271347	0	0	0	0	0	0	0	0
224	158.058104	2879760	3079724	2868621	2893755	2884703	2972541	2994516.8	3067088	3080240.5	3077665
225	158.058144	1435755	1556213	1525565.3	1482933	1449981.6	1514467	1489221.9	1502668	1530321.5	1538327
226	158.058157333333	1291930	1355127	0	1297022	1278713.5	1363817	1320089.4	1346223	1349793.9	1355394
227	158.058194	1951367	2021120	2042165.1	2099988	2023731.8	2049634	2074612.6	2107028	2136962.3	2171218
228	158.094464	310156	315159	322151	338129	319478.3	326280	318771.6	329584	315074.9	317581
229	159.089857333333	265121	266163	0	0	0	208331	0	0	0	0
230	159.126124	7492169	7414499	7484976	7059679	6994439	7460315	6989723	7129781	7138743	7166607
231	160.022307333333	0	1746905	502208.2	1985542	2631937.3	2501839	0	0	3454521.5	0
232	160.073744	774412	783147	741940.4	778750	777633.2	751065	796765.3	791776	802947.8	891207
233	161.023990666667	0	0	0	0	0	389487	433235.6	0	531430.1	0
234	161.051224	677708	592432	555671.6	548357	548152.6	621050	535631.4	657505	539986.9	627698
235	161.047934	249407	265757	288721.5	289899	285613.2	284143	270448.9	271804	284606.7	305028
236	161.069274	776171	777522	0	0	0	0	0	0	0	0
237	161.105334	1926583	1901233	1822191.3	1831972	1828838.5	1701838	1734286.1	1813957	1864763.6	1741805
238	161.141790666667	143027	152992	0	144863	0	0	0	141801	143638.2	140512
239	162.020124	0	210315	0	245646	274032.4	367128	401264.1	457580	482065.4	476519
240	162.031984	771283	942572	969135.6	1063651	1107950.6	1134728	1148438.4	1214750	1304296.6	1320931
241	162.031974	0	0	95127.5	0	0	0	0	0	0	115304
242	162.031924	0	0	0	0	0	113551	0	0	0	0
243	162.053064	1129949	1130192	1128299.9	1108873	1085515.6	1151657	1050776.1	934609	1087568.1	1153196
244	162.052724	0	0	0	889298	0	960426	0	0	0	0
245	162.053034	3583457	3843018	3583522.3	3682279	3657122.5	3838174	3664091.3	3911084	3951514.5	4015368
246	163.066781142857	0	0	239307.7	230111	241595.4	250210	245310.5	259983	0	272402
247	163.099984	5467033	5577362	5621836	5785446	5644286	5946515	5716569.5	5733130	5840053.5	6027374
248	164.047546222222	793692	794635	0	513932	467689.1	767929	478865.4	538354	864699.5	0
249	165.079134	37500360	38107944	36704016	36183360	36355884	36576040	36299804	35864556	36320308	36022196
250	165.079212888889	621523	590286	628050.8	626820	666832.6	585454	0	667861	560654.5	596799
251	167.988594	1764413	1700245	1824754	1773890	1853197.1	1757389	1730295.6	1769580	1856782	1948106
252	168.040490666667	0	0	0	0	96570.5	92955	0	121654	0	0
253	168.040104	2633499	2037704	4289197.5	5975216	5881498.5	5816087	5814827	5798704	6132445.5	5579972
254	168.060454	1087487	889858	948320.4	862147	736966.4	629100	913619.3	449835	748358.8	912279
255	168.078924	0	990517	1123772.9	0	1022642.9	0	1005228.9	935834	1008679.3	1133944
256	169.056374	217923	200395	0	0	0	210029	0	211381	220019.5	208862
257	169.074274	483675	0	0	0	450850.4	437971	439358.5	445593	414907	0
258	169.950484	3524141	3220867	3542721.5	3241300	3213527.8	3183604	3181693.5	3195834	3311790	3335060
259	170.020484	0	0	433356.3	0	561061.2	572524	0	563139	0	542566
260	170.094624	0	142135	0	0	0	0	0	0	0	0
261	170.105957333333	216953	0	0	0	201535.3	0	0	0	230926.3	0
262	171.053432333333	1334000	1389555	514401.6	875265	1349436.2	963446	968908	502592	957378.2	1402881
263	171.983494	2195506	2083987	2212321.8	2075529	2010040.1	2033950	1962315.3	2077423	2175124	2194819
264	172.013844	276408	0	0	289669	289374.7	0	296407.8	300603	0	0
265	172.121534	415447	400916	423679.6	427213	408822.6	450536	435384.1	412213	442680.4	444737
266	173.069134	400725	396128	432113.3	443882	446900.3	454372	436974.6	431606	403932.3	427904
267	173.069024	0	822760	0	0	795253.5	0	0	0	0	0
268	173.105507333333	309252	312955	345017.2	326534	0	335897	0	0	343028.2	0
269	173.141804	346511	336330	350090.9	328127	339183	325768	351391.2	377107	372957.3	378557
270	173.983004	268032	464388	302169	522892	582063.6	635625	663020.5	769799	790590.9	667156
271	174.016704	1176923	1268504	1273465.8	1236957	1251458.3	1234884	1243466.4	1075784	1265430.4	1119512
272	174.016699	327640	322643	317869.5	0	319044.7	320532	0	303450	312094.3	331200
273	174.016714	625874	700893	599701.6	596947	595049.3	630469	715115.6	606980	641482.6	651704
274	174.053054	1485738	1514178	1422207	1345201	1410683.8	1455825	1465620.9	1481892	1418923.4	1477201
275	174.053054	3074463	3164227	3019216.5	3022307	3045714.3	3080106	3089378.3	3104728	3071311	3157908
276	174.053107333333	199364	0	207912.1	203665	0	205277	206245.4	211522	0	0
277	174.089454	2246474	2215783	2334105	2204787	2260111.8	2170548	2172395.8	2216040	2087434.5	2132525
278	174.100964	0	0	169884.4	56740	0	164594	0	88192	126050.5	0
279	174.111724	0	0	0	0	0	0	0	1141724	0	0
280	175.084629882353	6417472	6391479	7297367.8	6476427	7226602.3	7353378	7272234	7356637	7520935.2	7548381
281	175.084652571429	0	0	1118968	0	1000425.3	1114093	1125308.4	1013243	1129155.4	1105893
282	175.999901777778	0	1169194	323251.4	1380205	1772487.4	1925578	1980493	2257335	2348390	2340368
283	176.032324	0	120167	0	0	0	0	139338.1	130790	140376	97048
284	176.047457333333	0	0	199193	0	215394.2	0	234265.5	0	0	0
285	176.047424	0	0	0	0	0	0	0	0	0	328288
286	176.068638285714	0	1448555	1348448.5	1328001	1427054.4	1444846	1418810	0	0	1449967
287	176.068734	1596072	1725633	1614444.9	1685576	1725552.5	1756903	1740372.6	1755620	1722606.5	1778428
288	176.988824	0	0	100217	0	0	0	0	0	0	0
289	177.082549	591304	0	599364.8	585352	569271.6	589339	587563.9	0	588126.1	536958
290	177.079224	493398	512420	497602.8	493171	495832.4	498046	502127.2	501770	493362.9	487793
291	177.079254	273057	311853	303942.5	314211	308984	329894	323334.5	324242	335815.5	316046
292	177.082824	0	598161	0	0	0	0	0	572876	0	0
293	178.027057333333	188011	0	164010.3	0	129321.4	0	0	0	0	0
294	178.047524	710456	0	0	0	0	0	0	0	0	0
295	178.047994	5574855	5604794	5364980	5413904	5341090.5	5444322	5351577	5356784	5312672.5	5373649
296	179.055974	0	0	0	445987	480466	0	0	457422	0	443687
297	179.056101777778	212371	0	463831.4	643873	674816.5	674759	715165	697130	731387.7	704618
298	180.040149	0	0	162099.3	230499	234590.4	231673	216148.1	224022	213931.6	206452
299	180.115424	0	0	183036.6	0	0	0	0	0	0	0
300	180.137524	0	0	0	0	0	0	0	0	107710.8	0
301	181.026544	1218810	1223842	1127387.3	1081224	1082855.4	1015947	1076115.9	1030516	1076527.5	1111517
302	181.074112888889	2806289	2880808	0	2276992	2370617	2292290	1191581.4	2512377	1939817.4	2349444
303	181.955407333333	717226	655363	705580.2	0	0	0	562763.8	517293	467798.2	0
304	182.070524	0	0	0	376127	0	0	0	0	0	0
305	182.075324	0	0	0	252636	0	0	0	0	0	0
306	182.094557333333	850101	857348	997280.1	740597	1102769.3	994989	662217.8	987690	672483.4	0
307	182.956424	191285	0	0	0	0	0	0	0	0	0
308	183.965974	891607	814248	907208	865931	896248.4	877429	810492.9	828673	850414.6	910222
309	184.035014	3756016	2495088	8577786	12269589	12649297	13382242	12446236	12321263	11876910	11785647
310	184.037384	2425823	2549288	2451862.3	2408508	2421726.3	2488563	2422566.8	2400905	2428538.8	2344920
311	184.056024	0	0	0	0	217469.5	0	0	0	0	0
312	184.072074	0	0	265954.8	391389	430381.1	387624	346943.5	423703	353036.5	335447
313	184.121340666667	0	0	255681.4	146099	0	0	0	228008	245393.5	224327
314	185.069174	549579	691973	0	649927	0	0	0	681769	0	0
315	185.105514	211280	209433	244721.3	234134	205815.4	223537	216054	241584	233030.1	228250
316	185.999204	1571901	1478945	1590299	1551017	1587245	1551922	1473308.3	1537313	1644767.5	1689445
317	186.016584	0	0	0	174321	0	162816	150675.5	174787	173713.5	0
318	186.089554	695257	713760	748634.2	743131	721375.2	726256	715655.8	731200	730229.6	741910
319	187.066968444444	669645	746926	642849.5	713122	687571.8	0	715994.2	727223	739997.1	744922
320	187.084824	668705	710191	0	0	0	0	0	0	0	0
321	187.084704	1018649	1124556	959574.1	0	0	866286	0	0	0	945003
322	187.084584	284710	312239	282477.9	279617	275605.7	284576	293048.5	266395	281664.1	285997
323	187.960984	872918	808904	866383.1	786366	768239.9	756936	767254	767007	788738.8	789659
324	188.116294	910774	833836	980569.1	985357	972402.9	1003641	1000543.1	996799	1029704.7	1058599
325	189.042740666667	322251	353251	0	0	0	0	291885.8	336092	326207.1	340205
326	189.042724	0	0	0	0	0	0	0	0	0	152437
327	189.042801777778	0	381474	321296.7	329706	362144.8	349486	373648.8	385379	365656.9	387874
328	189.042764	3119142	3447282	3149764.5	3244990	3320337.8	3341493	3357014	3381044	3469068.5	3540667
329	189.100344	1126741	1177969	1061249.9	992583	978276.4	1079735	1016950.1	967351	955047.1	1017696
330	189.136794	761217	763755	807413.3	825040	837178.3	839318	818654.4	833745	829052.1	839175
331	189.904749	1879531	1898398	0	2003843	0	0	0	0	2250146.3	0
332	189.994035111111	190325	0	198170.6	181725	160797.5	166022	163929.9	173391	178955.8	166613
333	190.024484	207262	212561	242803.4	237797	239458.7	244251	247574	250743	250387.1	248979
334	190.048224	0	254483	0	0	0	0	255206.2	0	282849.7	0
335	190.084154	984144	876104	1215607.4	1171707	1133451.3	1037118	1207982.5	1261875	1152476	1203633
336	191.903024	0	268729	0	0	0	0	0	0	0	0
337	192.027257333333	658703	661565	484146.3	0	216755.1	210748	0	463309	730093.4	210066
338	192.063566857143	603378	0	720480.9	702110	657515.3	0	756452.8	698748	708564.7	0
339	192.078764	444607	474182	444515.9	467218	461412.7	473177	474053.6	490848	483285.8	461112
340	193.110534	3582221	3636369	3468326.8	3500430	3545747	3236924	3520106.8	3566287	3595756.5	3477783
341	194.069457333333	501769	510851	0	0	401273.8	0	0	0	0	0
342	196.019884	146432	0	130513.8	0	0	154754	155685.6	155509	0	0
343	196.071852571429	0	0	194232.3	240942	238751.6	195897	195563.5	235014	183586.9	0
344	196.071764	899983	751361	981150.6	890181	835398	814432	813157.5	762874	726563.6	670729
345	196.146624	0	289152	0	0	0	0	0	0	0	0
346	198.050694	371588	258013	709238.6	1111805	1163663	1140878	1142838.5	1216142	1179028	1172490
347	198.050724	1088096	0	1943383.4	2671604	2813154.3	2774360	2771205.3	2842160	2767062	2752410
348	198.050699	1466602	0	0	3235010	3199775.3	3111378	2851296	3186279	2911641.3	3099380
349	198.100734	229175	358860	325699.2	302887	284147.6	291390	360376.8	329115	285297.8	289805
350	198.137124	0	0	0	0	0	0	0	0	0	133497
351	200.008657333333	364828	0	366911.2	338027	399699.5	336638	0	0	0	355784
352	200.014814	367458	353874	377289.8	392561	403509.6	442936	337555.6	377515	368594.5	465416
353	200.029934	2530440	1622245	6545474.5	9518465	9507164	9440939	9490765	9325642	9284689	8943875
354	200.045194	4535404	4771431	4622993.5	4565285	4677400.5	4647124	4639548	4627259	4662060	4573620
355	200.116379555556	178195	115559	0	115483	125674.1	120972	110956.5	132522	118551.7	128493
356	201.078824	0	0	0	0	215543.7	0	0	0	0	0
357	201.976549	251803	224089	226763.2	0	0	0	204106.1	0	0	0
358	202.047924	137110	0	0	126292	0	125663	0	143717	0	0
359	202.047944	448135	446430	416834.7	447457	419953.1	420409	405605.5	434293	453099.5	384222
360	202.048014	3227558	3469039	3114324	3205478	3221879	3279213	3289963.5	3366432	3426653.5	3310983
361	202.084334	1571843	1679727	1514249.6	1649108	1725431.6	1728431	1690877.5	1735127	1763514.8	1756540
362	202.084224	0	0	432473.5	0	0	457326	0	0	0	473806
363	202.131934	1460607	1495546	1397728.1	1349897	1379550.8	1328056	1393037.3	1413462	1416755.6	1329672
364	202.131942181818	1669538	1712548	1506079.9	1563520	1584178.9	1559309	1567268	2412120	1681040	1579883
365	202.143024	0	203609	159222.7	205609	200131.6	209346	0	183958	148560.7	220443
366	202.215949	544144	553787	512942.2	539821	488170	505384	523981.4	517039	575295.6	540091
367	203.079724	0	609646	0	0	0	0	0	0	671930	0
368	203.079724	1205030	1168090	0	0	0	0	0	0	1091538.8	0
369	203.116049	448462	0	473174.5	0	0	0	479817.6	0	490835.6	0
370	203.115934	481979	526318	511878.2	511227	501072.5	474776	516678.7	535039	531062.4	535975
371	204.010135111111	163920	159531	167398	0	150617.9	146971	141769.2	154281	154677.9	149546
372	204.063435111111	876352	812988	731175.6	708902	743668.9	589850	0	832792	800831.7	709452
373	204.090074	254715	294982	238017.8	225988	238414.2	236745	224679.7	252986	237789	248505
374	204.090224	0	0	0	0	0	0	0	0	133924.4	0
375	205.037664	0	184786	164978.2	0	186071.7	0	198554.8	0	0	197831
376	206.042774	0	0	0	0	418486.5	0	402926.8	0	0	0
377	206.072695428571	0	190981	211071.2	214383	0	228903	174840.7	206310	0	217837
378	206.078981142857	279029	309187	281202.8	274631	0	242374	0	0	252030.2	305172
379	206.079204	2388294	2543257	2400489.8	2441524	2487156.5	2492048	2503247.3	2795222	2538755.8	2705001
380	206.131024	0	0	0	0	0	0	305719.5	199356	0	0
381	207.053390666667	0	404964	0	360300	0	0	0	365197	0	0
382	207.053524	0	120109	0	0	0	0	0	109887	0	0
383	207.075824	0	0	0	0	0	40826	0	0	0	0
384	208.047074	0	0	0	0	30405.9	0	0	0	34122.6	0
385	208.095224	0	220133	0	0	0	0	0	0	0	0
386	208.146724	0	0	99689.7	0	0	0	0	0	110947.8	0
387	208.146324	0	0	0	0	0	0	0	0	0	143911
388	209.105384	2989619	3040449	2964727.3	2945908	2957406.8	3057393	2978638.3	2992738	3021680.5	2983040
389	210.050590666667	0	0	0	0	516012.9	0	0	0	1568457.4	832892
390	212.066307333333	0	0	142019.6	216601	216501.1	218006	0	217831	0	226941
391	212.066354	1788362	1590890	2101890.3	2289767	2245629.8	2188267	2169240.3	2168742	2036557.3	2030203
392	212.152657333333	0	363179	284532.1	0	0	0	0	0	0	381360
393	212.152824	0	376650	362456	0	0	0	0	0	455930.1	0
394	212.152634	1486631	1615762	1378787	1469928	922238.3	1415053	1079651.5	1550397	1504477.4	1532650
395	212.152524	0	75692	0	0	0	0	0	0	0	0
396	212.152514	213556	178719	231263.6	176225	202635.5	130125	169986.4	186817	201157.6	195799
397	213.079238285714	544102	600358	557568.6	553053	569875.7	0	0	576169	580074.5	0
398	213.079024	111251	0	111176.4	129831	121619.2	118597	0	0	0	0
399	214.009124	0	0	0	0	0	302226	0	0	294490.3	0
400	214.030857333333	0	0	0	0	135697.2	0	0	131486	0	131132
401	214.045649	0	0	0	0	0	332291	333383.4	348529	332810.1	0
402	214.132299	348792	345425	587645.1	0	0	0	0	0	0	0
403	214.131952571429	0	0	416264.7	522211	214976.2	0	520148.9	578644	521997.6	214607
404	215.116074	0	213976	184740	0	199029.3	180149	0	0	0	0
405	216.003774	457631	501340	442595.9	428481	445399	447663	453232.3	458869	448340.9	434156
406	216.063384	0	161997	0	137970	135940.4	153090	159999.6	0	0	0
407	216.090149	74422	103882	92598.9	75876	76018.5	107383	0	0	91225.5	72610
408	216.147634	1026959	964500	975629.4	932812	965148.7	981944	1001870.9	985714	1018280.6	1083164
409	216.147584	1050224	1057056	1002703.9	1008847	1002873.6	983472	1024197.3	1018818	1001131.8	1017251
410	216.147642181818	1324536	1251742	1053589	1302533	1233949.9	1264487	2067772.9	1312713	1201274	1289512
411	216.147668444444	277038	284394	266603.4	263416	261307.7	260883	246408.2	270712	250422.5	0
412	217.131624	0	0	0	0	0	0	0	0	0	190036
413	217.204464	227720	262003	267003.2	252132	272281.3	259121	270177.3	275580	279481.7	277748
414	218.019364	2248066	2276422	1509771	1630672	1629554.3	1621063	1489252.8	1499841	1644671	1600242
415	218.126994	752045	772982	824467.6	804004	824672.2	828386	826757.7	805970	819671.8	800028
416	218.127024	0	909948	0	0	840677.3	0	0	0	0	0
417	219.110834	1428463	1565574	1329305.9	1305206	1379220	1391961	1382732.3	1362417	1356446.1	1358760
418	220.034957333333	1123092	1102187	725075.7	708215	614596.1	0	707143.9	708679	615010.4	701893
419	220.058554	3731203	4050011	3579817	3648803	3766187.8	3876513	3929044	4158600	4084682.3	4059387
420	220.084874	0	108208	139382.9	0	83977.8	0	0	0	98738.3	0
421	220.084984	617459	672204	570406.4	469432	527192.9	548394	545884.6	561416	559967.5	530001
422	222.100674	438390	0	356856.7	328643	0	349128	368405.4	0	0	367848
423	222.100674	349139	0	321139.3	0	0	0	0	0	0	0
424	222.173549	146259	0	142226.4	129679	174788.7	151087	136276.5	0	188794.2	183532
425	224.089709714286	1020595	695666	706450.9	718997	671964.1	856552	812781.1	700443	680578.3	748496
426	225.9940115	0	106890	0	144859	192355.4	213004	239471.1	307505	340260.6	262540
427	226.066074	306052	343435	288201.9	238086	309006.9	362026	393942.3	389121	367762.7	249652
428	226.082414	680317	596803	756343.1	718039	670396.2	669858	661079.5	624530	532593.3	598817
429	226.095074	191422	256752	197993.5	0	150380.5	149224	186372.3	183783	0	176761
430	226.168340666667	106665	192787	202828.7	141515	0	0	156042.9	175843	0	0
431	226.168274	0	226775	0	226561	0	0	0	0	0	0
432	226.168366857143	265749	425150	381094.1	332445	0	0	394646	180704	401966.8	0
433	226.168324	107122	0	0	0	0	0	0	0	0	0
434	226.193224	0	0	0	0	181298.2	0	0	0	0	0
435	228.009699	0	1024746	314614.8	1215030	1657839.4	1863926	1925417.4	0	2806872.3	2847082
436	228.011824	0	0	0	0	0	0	0	470338	0	0
437	228.040324	0	0	0	0	101092.5	0	0	0	0	0
438	228.061154	1956371	1673616	2671633.8	3518908	3565603	3495263	3506692.8	3548566	3519552.8	3468345
439	228.090024	1202434	1225264	0	1207781	0	1450906	1372808.6	0	1316961.5	0
440	228.110424	0	0	51467.9	0	0	0	0	0	0	0
441	228.147651272727	917393	998068	645652.5	916922	1001193.3	660533	697288.1	0	1000287	1014220
442	228.147890666667	370409	410638	699870.2	0	0	0	523908.3	0	458637.1	0
443	228.147499	0	0	0	0	0	439582	1702180.4	570263	0	1667988
444	228.147509714286	1364555	412458	1478099.1	257975	314438.3	609317	0	0	466557.5	0
445	229.035407333333	0	0	0	167251	174151.8	168344	156066.5	162797	158721.9	0
446	229.983224	278056	0	0	0	0	0	0	0	0	0
447	230.007674	0	0	0	0	247907.9	0	0	0	397523.9	0
448	230.076624	0	0	134849.5	0	283514	287439	305540.2	0	287933.6	271996
449	230.076974	0	0	548470.6	760845	821948.8	832466	900595.6	814964	869856.7	784442
450	230.105754	9013803	9785714	9095345	9042740	9155599	9159922	9256989	9246281	9235878	9292350
451	230.105774	2464584	2800186	2638566.5	2680986	2736551.3	2756879	2839920.8	2863427	2882058	2942643
452	230.163344	1588271	1668058	0	1562760	0	0	0	0	1720857.6	1804370
453	230.163234	4567474	4744130	4330972.5	4344943	4454494.5	4464315	4359324.5	4338750	4343846.5	4360445
454	230.163244	6330553	6611598	6106666.5	5947173	6019890.5	6087700	6056616	6244576	6246751.5	6122262
455	230.163334	1697258	1760427	1806088.8	1758484	1768122.3	1797717	1782246.5	1808091	1961037	1849878
456	230.163244	1007374	1018881	1048642.1	1047557	1066357.5	1048927	978931.4	1008171	1091630.1	1008320
457	231.020354	263263	286772	272200.3	270642	271934.5	275900	302034.3	279141	285567.8	281591
458	231.998704	1166625	1157340	818312.4	829785	840495.9	841786	852041	839422	821768.1	782878
459	232.121364	193534	204150	123981.4	121710	0	127397	0	0	0	0
460	232.142644	461143	458976	451402.9	459830	450798.7	463837	472767.3	458337	462442.6	445043
461	232.142604	757054	773374	725737.5	741319	743018.8	742139	742755.9	772270	850023.4	738559
462	232.142524	0	0	407402.9	0	0	0	0	0	0	0
463	233.1992865	0	103495	111641.7	110680	119879.1	114263	0	113821	115852.7	108808
464	234.014266857143	598553	595727	394925.8	396044	0	0	0	403186	388364	388571
465	234.074024	218028	0	204107.6	188128	205068	206028	187482.1	215193	214653.4	0
466	234.100546222222	161770	189959	122285.6	150072	125927.9	129159	161905.4	142740	0	140332
467	236.116394	960413	1037361	988377.8	965710	991918.6	945470	903837.3	965786	957259.4	1028044
468	236.116264	1240617	1394729	1240711.8	1151902	1204521.4	1160413	1181351.8	1178356	1229540.8	1209171
469	237.006274	0	80465	0	0	0	0	111386.5	0	0	0
470	237.006424	0	0	0	0	0	0	0	114091	0	0
471	237.006240666667	431792	0	0	469521	0	637435	560748.4	0	689043.1	284874
472	237.006324	0	0	0	0	106131	0	0	0	0	0
473	237.006264	0	540628	0	609455	670663.5	0	732085.6	0	658980.8	0
474	237.085057333333	828565	889291	0	0	0	0	0	860450	0	0
475	238.120724	0	0	0	0	0	192413	0	0	0	0
476	238.157024	0	0	0	0	0	0	198735.4	0	0	0
477	240.136401777778	724687	621471	897634.1	783107	808533.6	0	691809.8	907468	697191.7	774934
478	240.147664	3292545	3340632	3161158.6	3276671	3235442	3227834	3232576.9	3018106	2963720.4	3505839
479	241.179199	456711	486746	476860.1	480855	484407.8	472426	479347.9	0	0	497040
480	242.040304	0	0	0	222720	198662.6	0	193816.7	0	172722.4	158681
481	242.040174	0	0	0	0	263031.5	0	0	0	0	219700
482	242.036424	0	278044	0	0	0	0	0	0	0	0
483	242.040324	1878704	1425805	0	5563638	5718761.5	0	0	0	0	5581989
484	242.040524	0	0	0	0	0	0	242045.4	0	0	0
485	242.040624	0	0	0	0	0	0	144744	149962	0	0
486	242.040624	0	0	3810107.3	0	0	5636224	5706841.5	5840591	5774306	0
487	242.076949	0	0	91556.5	132609	154246.4	128410	146829.5	133908	158697.2	159339
488	242.076904	288701	251894	492166.1	707990	734368.4	735912	727109.1	750260	699574.4	695989
489	242.162924	79526	0	0	0	0	0	0	0	0	0
490	242.163252571429	228467	201051	223330.8	0	222908.7	0	195853.4	219723	202497.4	0
491	244.035064	273223	279555	308964.4	299020	297883.6	293659	302497.1	291888	287024	284559
492	244.051399	127117	0	0	0	0	0	141549.9	177945	0	133608
493	244.056324	0	0	0	110162	0	116803	120393.5	111835	0	127582
494	244.070024	328538	0	0	0	0	0	0	0	0	0
495	244.178954	1284796	1319355	1265836.5	1264824	1255558.3	1297684	1269069.4	1308148	1314149.5	1345311
496	244.178904	4710607	4852719	4509696	4628222	4850706	4623065	4692545	4982966	4833333	5041376
497	244.178974	3265424	3313443	3205408.3	3185286	3244199.3	3241236	3197064.8	3234656	3256505	3290655
498	244.178864	619481	628849	621201.4	611587	626610.5	624679	628770.8	628693	625067.4	608660
499	244.990824	0	0	0	0	0	0	0	0	0	190644
500	245.137757333333	294833	0	0	0	0	0	279168.2	0	0	269362
501	245.174057333333	0	0	0	0	0	0	137350.7	0	132912.7	150870
502	246.040424	0	0	0	0	0	0	0	0	0	38861
503	246.050746222222	998813	1025949	1122216.4	1139265	1076524.9	1102397	1097624.9	1136277	0	877173
504	246.050840666667	260920	311091	0	0	0	250223	268372.3	274960	279892.9	0
505	246.100552571429	529011	0	546702.4	0	562676.4	532986	0	439503	598832.1	458737
506	246.121815666667	874718	1089114	868605.7	1122888	854841.7	812869	801565.8	845692	841000.5	763010
507	246.121779555556	326275	328262	341664.5	333381	324903.8	0	314016.8	323004	335621.9	305045
508	246.121734	442042	490427	450188.5	414892	409501.1	436275	414904.2	411359	452976.9	401083
509	246.158195428571	409778	397347	0	411249	419562.6	382166	0	0	428179.3	444627
510	246.158154	307332	350925	329927.3	338095	338497.4	349097	368001	360588	376114.9	366485
511	247.142324	0	156702	0	0	0	0	0	166554	0	166413
512	248.030674	468996	467006	0	0	0	0	0	0	0	0
513	248.089324	0	0	542705.9	0	0	0	0	0	0	0
514	248.119124	0	79076	0	0	0	0	0	0	0	0
515	248.141624	0	0	0	0	0	388761	0	0	240522	0
516	250.093124	49480	0	0	0	0	0	0	0	0	0
517	251.065599	0	0	0	0	201419.4	197878	0	0	212477	218355
518	251.940624	110535	0	104926	0	0	0	0	0	0	0
519	252.075824	95937	0	0	0	0	0	0	0	0	0
520	254.099824	0	0	368621.3	0	0	0	0	0	0	442396
521	254.151924	0	0	0	0	0	0	0	0	383414.7	143226
522	256.131224	0	0	0	0	0	0	154928.6	0	0	0
523	256.178854	446483	469597	468853.8	453750	465556.9	462845	423411.9	475336	467779	482542
524	256.178824	566799	527661	438807.5	411131	396087.4	502882	428787.7	635815	547187.4	621199
525	257.102994	1842067	1833684	2455990.8	2444170	2431699.5	2409799	2454210	2378158	2434474.5	2451164
526	258.014424	0	0	0	0	0	0	0	0	0	51018
527	258.014424	1007690	1068717	1206191.9	1232412	1188258	1197030	1227534.4	1225116	1280478.6	1269205
528	258.073824	146292	0	0	0	0	0	0	123649	0	140543
529	258.072024	0	0	0	0	0	0	0	213772	0	0
530	258.085324	295446	245469	232215.1	0	165385	0	0	0	0	0
531	258.121734	5274207	5297673	5238915	5321144	5291807	5294557	5248094.5	5305428	5394550.5	5366503
532	258.137109714286	182006	207758	193971	183479	0	0	200428	0	208490.1	200053
533	258.194512888889	410070	424463	416644.1	421629	419702.9	419184	432286.1	422616	0	414038
534	258.194564	1975928	2093819	2067752.8	2083588	2041968.1	2045874	2097711	2023364	1986084	2047015
535	259.048624	0	108067	0	0	0	0	0	0	0	0
536	259.153449	0	482399	0	0	489383.5	491233	0	0	544635.4	0
537	259.153224	0	0	0	0	0	172252	0	0	0	0
538	259.189624	184669	187499	220099.1	211149	215427.9	205935	224405.7	210663	223636.7	219789
539	260.030012888889	502041	588046	560985.4	565551	0	557239	580273.3	525178	580869.3	597037
540	260.053274	251024	249761	267141.1	270847	262224.6	259547	256951.4	267397	268769	269259
541	260.137244	1159318	1159592	1126576.5	1118448	1133010.6	1112635	1116851.3	1129853	1132919.1	1101267
542	260.137399	603312	671195	655247.6	0	649858.4	0	0	0	0	0
543	260.1374865	949460	1024316	0	876214	872492.9	894127	898561.8	934899	905739.9	0
544	260.152974	0	62937	0	92787	0	0	107749.9	94863	0	0
545	260.173844	393401	456459	418773.1	0	438393.6	0	0	0	0	446944
546	262.052944	1124128	1164452	1046383.1	960168	978804.9	946342	961802.9	1015246	1001104.1	1015483
547	262.135479555556	364476	402382	354758.8	323966	351164.2	354099	291351.1	0	366987.9	399418
548	262.132244	4595456	4830669	4397338	4428745	4553415.5	4599666	4480026.5	4572912	4656284	4629158
549	262.135524	0	0	0	0	0	0	284768.7	0	0	0
550	262.135924	0	0	0	0	0	0	0	348118	0	0
551	263.022074	0	0	0	0	0	0	0	0	222645	229227
552	263.082824	494855	571479	0	0	0	0	0	0	0	512488
553	264.028774	0	74852	0	0	0	0	56232.4	0	0	0
554	264.033324	174672	169398	108486.1	113145	122000.8	113806	117268.8	114701	113109.8	116498
555	264.136324	570927	609502	599064.1	611398	606901.7	614249	618813.3	606635	620824.1	591616
556	264.147604	2577367	2809172	2528013.8	2565455	2446994.8	2584153	2621919.3	2557609	2594480.3	2600820
557	264.147654	3885866	4165156	3816785.5	3849653	3855183	4022316	4036935.8	4059592	4081075.8	4010188
558	264.147649	225516	279291	0	276766	0	267330	0	0	0	0
559	264.147374	0	0	0	185513	0	176689	0	0	0	0
560	265.920244	919731	864915	941285.9	843896	781008.3	734955	742673.1	716611	691717.3	666920
561	266.126824	148773	107879	0	0	0	0	0	0	0	0
562	266.126824	532513	521162	454457.4	0	428987.8	446222	469164.2	459681	470082.3	0
563	266.126224	213404	0	0	0	0	0	0	0	0	0
564	267.953324	0	0	0	0	0	793820	0	0	0	0
565	268.167824	0	1046335	0	0	0	0	0	0	0	0
566	268.167624	0	0	0	0	0	0	0	0	2125123.8	0
567	268.167424	0	0	0	753133	0	655117	0	0	0	0
568	268.167757333333	0	937883	0	0	0	0	931328.7	995583	0	0
569	269.185290666667	742084	764965	738683.9	734342	732461.9	747775	753841.3	771738	0	766620
570	269.9515865	0	0	208576.8	222235	224727.4	227248	0	347087	191074.5	183936
571	270.071774	0	634524	788128.9	800857	801527.9	805997	0	775345	825257.8	797697
572	272.137394	401394	371225	395670.9	369501	387071.6	374168	383570.2	404501	397659.9	404469
573	272.137474	299021	227598	302460.2	283664	259367.2	253322	273554.2	266390	277398.3	287912
574	272.210244	1406531	1400286	1497936.3	1493479	1502111	1475474	1496739.8	1456109	1469164.4	1448474
575	272.209824	0	0	0	0	0	0	0	0	0	882542
576	273.085324	0	208659	0	0	0	0	0	0	0	0
577	273.157984	0	0	656194	858793	0	669397	0	758984	537735	0
578	274.009024	0	0	0	0	0	0	0	205948	0	212093
579	274.066566857143	0	0	128592.2	214574	175918.8	195413	177029.7	192268	179745.8	0
580	274.153099	0	1150735	0	0	1060147.1	1048660	0	0	1113857.3	0
581	274.153101777778	1860548	1827721	1731367.1	1744710	1762001.3	1734405	1720875.1	1790969	0	1742985
582	274.152924	0	0	0	0	1134027.1	1136260	0	0	0	0
583	275.163614	1319266	1310184	1319516.5	1303728	1258696.8	1218821	1281973.3	1281458	1263304.9	1274203
584	276.024624	0	0	0	0	0	0	0	0	192444.6	0
585	276.052368444444	348428	0	300373.9	363463	303569.9	312699	343056.1	370559	392314.8	332191
586	276.147566857143	87388	165362	110534.6	0	109702.7	100112	105405.4	0	213159.9	0
587	276.151574	0	126365	130753	0	0	130205	0	0	108703.4	0
588	278.040451272727	396967	406506	314753.5	0	603582.6	609502	320279	0	325748.1	624980
589	278.063954	804897	768320	910548.7	851195	919093.1	829890	856791.8	893029	887096.3	884463
590	278.089757333333	0	79751	86472.3	79875	94314.5	92794	88788.2	73992	89736.1	104812
591	278.127790666667	0	172380	0	0	129698	135534	0	0	0	0
592	278.163254	532882	660140	585833.9	616642	579640.2	634409	559849.3	619825	593802.2	638655
593	278.163234	1728939	1952420	1789312.8	1853117	1808099.5	1888623	1838932.8	1943055	1862869.8	1906754
594	278.163449	0	0	0	0	0	0	1391253	1507691	1484505.6	1509815
595	280.070974	0	0	0	78043	0	71128	0	0	0	0
596	280.106074	222957	241259	215303.4	201786	185912.1	161477	146095.5	201417	158747	206714
597	280.106224	72843	100196	0	0	0	0	0	0	0	0
598	280.106157333333	151756	165536	147010.7	0	0	0	0	0	0	0
599	280.142546222222	1469599	1569549	0	1435594	1636792.3	1429605	1473883.9	1442944	1493891.3	1464520
600	281.112584	2038445	2085458	2042287.9	2051563	1988290.5	2038753	2043647.9	2090787	2097453.8	2113368
601	281.174157333333	0	0	225475.2	236562	253038	0	268383.6	246230	265966.3	0
602	283.930735111111	636360	578210	640357.1	577288	525419.8	510699	504981.8	486631	0	455448
603	284.046849	542804	585144	530024.7	548565	0	0	493909	535961	506971.9	495617
604	284.110924	0	0	628502.8	0	639893.4	581619	614644.9	641764	605457.5	600589
605	284.127354	295398	302227	305277.5	284349	286959.7	293313	303850.3	308407	294665.8	303980
606	285.169024	115316	0	124306.8	0	0	119402	0	0	123876.8	0
607	285.168901777778	257614	307545	239585.6	243638	275976.6	242224	175062.8	253256	220322.7	0
608	286.045354	2517095	2653745	2429862.8	2363715	2252532.5	2336925	2337255.8	2385842	2362189.5	2355780
609	286.153149	0	1238365	0	0	1222805.8	0	0	1273474	1281421.4	0
610	286.153164	2396742	2599330	2411251.8	2450852	2474862.8	2518117	2558059.5	2635824	2621460.3	2597658
611	287.184584	950039	951110	835325	779334	847452.9	797927	864024.8	873245	763161.7	744768
612	287.184604	475410	499618	452741.3	429529	412860.7	434447	441664.3	448400	452301	443248
613	287.184694	1893454	2095694	1798987.4	1906101	1851065	1901301	1997322.9	1933853	1944537.9	1938920
614	287.195807333333	0	360323	424410.9	0	419199.8	419373	420987.1	417183	0	0
615	287.221084	382307	408409	378392.4	389762	386998.4	394535	402345.9	390738	418865.8	388095
616	288.041764	2692096	2894963	2525201	2596080	2648521.3	2723335	2709828.3	2654299	2681888	2631876
617	288.084735111111	130580	133970	135694.9	121688	133450.4	133852	136238	0	131373.5	125135
618	288.082324	0	0	106159.4	203225	202337.3	196914	170899.5	184865	192727.3	208212
619	288.168768444444	1566444	1608322	1463087.1	0	1484577.3	1527980	1521735.8	1485948	1475295	1446061
620	288.168657333333	0	0	1072912.4	0	0	0	0	0	927342.3	941733
621	289.153224	0	0	0	0	0	0	0	860696	0	0
622	289.163924	202923	0	0	0	0	0	0	0	0	0
623	289.175824	0	0	59712	0	0	0	0	0	0	0
624	290.040584	199757	0	274220.8	0	263239.1	0	258750.6	279054	0	0
625	290.044074	282208	0	0	180562	162973.5	0	0	0	0	121541
626	290.044407333333	0	234209	232386.2	0	0	160382	152386.3	140056	129141.3	0
627	290.079164	444508	486120	454394.2	472245	479569.2	512342	497338.1	501036	498205.5	492172
628	290.079074	0	0	0	0	91646.3	83312	94281.5	91321	94496.9	89811
629	290.090424	111225	120532	111696.3	98616	0	0	116668.1	117040	124819.5	125462
630	290.166668444444	128820	105732	125469.1	109054	112059.4	108295	125558.7	101651	115620.3	0
631	290.163924	559724	618555	662180.7	644848	542828.3	660347	541472.9	0	605707.2	0
632	291.016424	0	0	77676.6	0	0	0	0	0	0	0
633	292.024214	193599	209528	167440.5	175318	180322.3	187686	196139.2	178622	164093.2	153056
634	292.045424	0	0	73162.1	0	0	0	0	0	0	0
635	292.056194	385494	386659	213039.9	220457	195148.8	209593	200056.8	203394	208153.7	192547
636	292.071324	0	0	0	0	0	64965	0	0	79179.2	74803
637	292.105234	85192	78322	71567.9	75471	79513.6	62738	67131.3	79484	68644.7	77428
638	292.105949	216337	215623	192301.3	0	0	0	0	197545	0	0
639	292.179024	677789	699185	883494.6	833446	888545.9	855170	817025.6	804122	814939.9	813346
640	294.025309714286	81190	97659	0	0	90755.5	0	90617.1	103382	106474.9	99465
641	294.055724	0	0	0	0	0	0	0	113671	0	0
642	294.095257333333	1000316	961268	525073.7	0	920105.8	503734	502627.5	294258	930709.4	851575
643	294.0949865	530006	600907	564157.4	512316	490663.8	552579	0	560084	566788.9	0
644	294.121646222222	352917	390913	347879.4	339993	340787.7	0	347766.9	378992	377753	274456
645	294.157994	1163580	1303821	1097377.5	1095265	1081980.5	1139245	1129133.4	1116317	1173509	1154172
646	294.158224	0	0	0	0	0	0	0	1147767	0	0
647	294.157974	640582	677439	0	631814	0	0	0	0	0	649908
648	295.058768444444	1038443	1090278	0	923105	869668.7	861783	815533.6	867416	890264.4	809497
649	296.120790666667	0	192375	190085.6	0	0	192872	189607.8	192209	0	197890
650	296.121724	0	0	0	0	0	0	0	107351	0	0
651	297.059724	0	0	0	0	0	0	61867.2	0	63695.5	0
652	297.1072615	282238	293296	296296.1	269958	272364.7	267259	0	0	264261.7	270135
653	297.168757333333	191556	201062	192002.3	201466	210010.2	196530	198882.2	0	218417.9	232978
654	298.016868444444	181540	209633	162930	154878	145357.5	159668	162250.6	0	192879.6	196066
655	298.119674	0	61984	0	113535	0	0	0	0	0	0
656	299.184874	0	281277	232946.4	249987	0	0	274523.8	0	0	0
657	299.184624	480083	472299	405301.1	453923	415985	483676	508344.3	489863	480809.7	501456
658	299.184514	1536772	1455884	1261616.4	1247563	1238137.9	1384849	1467915.6	1433855	1440023.6	1403205
659	300.041646222222	108563	107271	106130.9	103436	109643.7	104191	0	122345	110496	114443
660	300.073057333333	75069	66639	80368.2	59623	64047.5	0	61432.2	52270	63376.8	55668
661	300.121874	37168	0	0	0	33129.6	0	0	0	0	0
662	300.132294	358154	388330	359022.3	361574	395922.5	387507	390709.3	424786	410661.9	417984
663	301.200304	1547068	1713418	1515531	1566283	1580794.1	1586716	1584475.3	1587579	1640595.3	1601214
664	301.200264	246806	271053	271807.4	299249	287745.9	301608	289396.1	329108	290775.8	302956
665	301.200490666667	0	0	0	0	0	0	324965.3	340645	0	332497
666	301.200209714286	348120	355199	0	0	397781.2	0	408353.7	407454	317274.5	413600
667	302.183624	0	0	0	203866	0	0	0	0	0	0
668	303.159224	32013	0	41148.5	0	0	31553	0	0	33433	34341
669	303.170394	1466464	1564918	1416457.1	1494866	1501961	1467197	1438004.5	1507076	1542711	1597314
670	303.1794615	313915	366748	296327.8	297126	338782.3	0	0	304604	303448.3	312656
671	305.068124	0	0	0	0	263576.2	0	0	0	277058.5	0
672	306.194584	179937	0	327265.4	263394	0	262497	265581.8	0	0	0
673	307.011924	0	0	0	47120	0	44863	0	0	0	0
674	308.051424	255757	261907	0	0	0	0	0	0	0	0
675	308.101601777778	68520	0	86549.4	79707	73905.6	87297	48223	91369	66007	82987
676	308.173924	0	0	400687.2	0	0	0	0	0	0	0
677	309.122824	0	0	0	0	0	170054	0	0	0	0
678	310.023274	0	0	325240.5	458615	457148.8	429621	442839.2	466210	445506.3	433953
679	310.032794	179529	230543	223617	182383	211003	210054	223173	209065	197837.8	192335
680	310.032874	442426	402237	386246.5	330697	323212	303764	320164	286183	248870.5	235936
681	310.082024	0	64275	0	0	0	0	0	0	0	0
682	312.105781142857	229480	0	252419.2	252688	243181.3	0	227743.8	232972	230568	0
683	312.114924	0	123585	110977.3	94981	104603.7	0	0	0	0	0
684	312.148957333333	0	100961	0	0	144721.5	164356	171681.3	124978	0	125892
685	313.1752115	184587	185412	171857.7	184273	0	169178	178951.5	170826	201374	0
686	313.200124	76169	87136	0	59155	0	0	68808.3	79725	83097.3	0
687	313.200194	532257	516297	511271.6	506277	541247.6	503995	522595	515373	609043	540761
688	313.200024	158526	176193	166990.9	152432	144541.5	0	179249.6	0	181235.7	132110
689	314.011764	147151	148886	123297.7	127004	126997.5	124500	119923.4	125144	134502.7	138258
690	315.179444	476991	465496	465445.3	431856	358320.1	461477	481462.1	470610	500588.1	484319
691	315.204524	0	62380	0	0	85727.2	0	0	0	0	86569
692	315.215944	754336	801348	775957.1	808821	820975.2	803794	838391.3	842666	823988.8	854545
693	315.215757333333	605750	667126	656065.3	686495	698726	680679	708795.5	0	719595.1	739189
694	315.215864	733478	779658	749683.9	796791	810886.3	746449	777023	782260	790994.7	838345
695	315.215924	703870	809987	769393.8	804086	809140.3	812966	833541	851426	865468.6	886806
696	315.215424	0	139439	0	156861	0	0	0	0	0	0
697	315.227124	361881	416162	376883.8	391268	388108.1	389448	399943.3	412497	414007.7	399407
698	316.050724	113485	0	0	0	0	0	0	0	0	0
699	316.073084	574330	655249	573342.6	611321	613657.8	657688	670806.9	662966	664405.1	659614
700	316.073024	197233	231188	214603.8	213099	223429.7	237948	250118.2	236123	251048.9	249326
701	316.098768444444	60582	56414	55341.5	51345	47243.9	0	43841.7	46090	44977.7	51979
702	316.175024	0	0	182528.1	0	0	0	0	220017	231422.7	0
703	317.137252571429	99074	89156	0	91680	91292.3	91932	0	78108	101124.6	0
704	317.184107333333	0	0	1097940.8	1135118	0	1101349	970946.7	0	877993.8	452263
705	317.184224	0	0	271568.1	0	286630.2	0	383562.8	0	0	0
706	317.195184	479623	493295	409429.5	429093	453960	420653	439319.2	428202	450278.6	404727
707	318.057324	0	0	0	0	0	0	0	100886	0	0
708	318.154224	243447	225380	214049.7	155680	221523.9	0	0	0	0	0
709	318.975224	85873	67310	0	65974	0	55099	0	0	0	0
710	319.174564	0	167384	153521.1	0	0	184800	0	183902	0	191352
711	320.046444	0	0	0	71322	68352.2	76889	0	90406	0	100693
712	320.057074	0	0	0	0	0	0	0	152024	0	177118
713	321.0273865	0	0	160987.6	177853	191050.1	180128	177167.8	216103	197684.1	176424
714	321.0274615	0	0	242255.4	237772	237772.6	250316	237282.9	256874	179201.2	237677
715	321.168735111111	221631	249835	218197.9	216042	221506.1	0	228749.9	221709	220541.2	220637
716	321.169038285714	408510	479673	419505.8	463657	0	472732	461441.1	488810	0	0
717	321.205274	217966	254270	243664.3	231525	245196.8	251012	253220.6	271484	280358.3	274616
718	322.189274	0	159104	190894.3	0	194403.2	0	172300.8	0	0	0
719	323.147524	0	0	0	0	0	0	0	0	0	82513
720	324.105899	556402	599709	1576805.3	1525543	1529411.4	460498	0	0	443097.7	1618097
721	324.132304	99332	123187	92244.6	67869	78440.6	92544	91985.4	95655	91634.2	72229
722	324.132524	0	165461	0	0	0	0	0	0	0	0
723	324.193724	51930	0	0	0	0	0	0	0	0	0
724	324.215574	31876	36881	0	0	0	0	0	0	0	0
725	325.073181142857	78864	90041	86092.5	0	83575.7	0	0	99932	90663.5	91724
726	325.200144	249592	246908	270715	264844	243747.6	233902	244719.4	228476	241692.9	223869
727	325.997454	230594	256021	308010.3	282277	282546	287636	268052.8	268782	262571.9	289615
728	327.131874	261612	297971	246017.6	255068	278573.8	274619	281276	268437	288781.4	276522
729	327.215994	5070472	5227595	4863595	5037532	5242307	5169905	5539707.5	5259648	5332673.5	5386181
730	327.215581142857	134192	0	0	76316	101935.2	0	91796.9	59819	62783	102488
731	327.215594	187009	193492	206760.3	202388	220508	203703	231661.2	205569	218321.7	211861
732	328.097824	0	0	0	0	0	0	17113.5	0	0	0
733	329.195184	993545	1181799	966245.7	1140779	1050957.5	970049	1196662.1	1244346	1160425.3	1161196
734	329.195090666667	0	228313	0	243807	193604.1	186534	0	261960	0	212528
735	329.194957333333	0	0	0	0	0	122554	0	0	117045.8	129406
736	329.231524	423078	479663	425673.8	452938	0	472485	482795.8	471401	0	508771
737	329.231324	0	0	0	285207	0	0	313584.1	0	0	333579
738	329.231466857143	0	0	469644.4	473080	472787.7	464948	0	480803	530204.8	541528
739	330.062954	487539	470425	468254.2	446357	423056.4	420367	425770.6	418925	421109.5	406272
740	331.174024	83792	0	103854.7	0	102124.3	114715	0	0	0	0
741	331.210894	2063567	2197356	2010545.5	2003746	1981836.1	1932713	2042176.3	2030817	2012654.3	2029533
742	331.210574	122363	51305	0	67588	89585.6	71501	64938	0	59565.8	64331
743	331.210857333333	217625	217064	130334	280573	328837.3	273113	247247.3	278244	276890.2	139869
744	332.0759365	321992	0	315606.5	287098	274231.7	271401	273898.8	0	274079.3	275294
745	332.171024	0	66196	72646.6	0	0	0	0	0	0	0
746	333.027314	560541	529513	501696.4	449051	445636.8	442022	445052.2	433813	486485.7	472301
747	333.153624	157724	0	0	0	160372.7	0	0	0	0	0
748	333.172344	167260	189250	175446.6	170076	176185.9	156276	185780	182625	179241.4	167366
749	333.189957333333	258490	270317	259217.9	264166	0	0	258966.8	0	0	273780
750	333.190124	0	131795	0	0	0	0	0	0	0	0
751	333.907484	547078	461252	542502	441383	460141.9	450035	453313.3	442832	428578.4	442100
752	334.030384	0	0	837183.2	0	786943.3	823879	786831.2	0	0	758243
753	334.066844	1718415	1756830	1942752.4	1916181	1951991.4	1867088	1931001.8	1921501	1954513.8	2015711
754	335.006624	0	0	0	206073	0	0	0	0	0	0
755	335.115179555556	219690	221402	209324.6	211492	198500.8	0	213528.6	214510	221970.4	210711
756	335.184684	166260	196336	0	0	0	0	186662.5	0	191860.7	179505
757	335.184924	0	148592	0	0	0	0	0	0	0	0
758	335.940538285714	0	0	1136103.1	0	950102.9	950027	947514.4	912339	940253.4	928920
759	336.034424	0	0	0	0	0	0	0	641029	0	0
760	336.072824	0	0	0	0	0	0	0	67824	0	0
761	337.137374	0	293518	267311.8	0	0	0	0	0	0	0
762	337.163424	93974	0	0	0	0	0	0	0	0	0
763	337.163946222222	0	0	362648.1	0	0	0	356436	402755	294106.2	378126
764	338.054807333333	0	0	0	105769	113792	111919	108611.2	115470	116468.8	0
765	338.084824	40193	40590	0	46838	0	0	0	42650	47299.1	0
766	339.252174	789290	852754	839825.9	866282	885100.3	940927	994065.9	986182	961375	924294
767	340.188224	0	0	0	0	0	0	0	0	0	115764
768	340.224524	0	0	0	0	0	0	0	0	0	81356
769	341.231474	388801	404641	315923.7	400751	315292	402015	418964.6	426967	422289.8	391041
770	341.231432333333	802222	787118	875036.7	877638	1008718	941371	1055956.6	1043433	1706119.1	1603650
771	341.2315615	493871	553332	594652.2	601238	640309	624092	664416.3	663093	0	0
772	342.032724	0	0	0	0	0	0	0	0	0	162214
773	342.190324	0	0	146048.2	0	148770.3	0	0	0	145520.4	144788
774	343.174324	330992	252710	216016.3	329753	218575.7	205011	229848	368012	228891.5	361881
775	343.247154	808312	876670	839316.6	898696	914271.6	909396	914324.8	961222	941610.6	883621
776	343.247007333333	0	783920	751147.2	806706	0	0	849043.4	0	882851.7	814246
777	343.247214	327209	394166	390403.9	432015	416429.7	425823	448768.1	474134	470392.1	406591
778	343.247135111111	270414	317079	327329.6	335534	322149.4	311311	364685.1	378317	0	301129
779	343.247140666667	0	96129	123610.9	0	124077	133629	130414.7	126065	0	0
780	344.137374	0	0	237474.8	0	221323	221566	227470.7	0	232956.7	234178
781	344.137124	88960	82303	76247.4	0	73848.2	67874	0	0	0	0
782	344.206724	0	0	0	0	0	0	0	0	0	39146
783	344.206238285714	0	0	483514.6	465890	452998.3	0	488157.7	400968	477631.9	372220
784	344.242724	53082	53637	0	0	0	0	0	0	0	32885
785	345.132474	69964	86062	80244.4	79206	77857.5	67156	82627.3	92177	83425.3	81993
786	345.190204	1382781	1464367	1415798.3	1433822	1415958.1	1340653	1348105.1	1397960	1497372.3	1461164
787	345.190024	0	0	0	0	0	0	0	0	562156.9	0
788	345.189424	0	0	0	104600	152021.4	0	0	0	0	143671
789	345.2265115	559445	569752	0	496423	0	528397	516077.7	534185	540933.6	553762
790	345.226324	133741	0	0	0	0	0	0	0	0	0
791	345.226424	380410	404192	352879.5	0	341298.8	385539	374623.1	385469	372764.1	369611
792	345.227024	0	37212	0	0	0	0	0	0	0	0
793	345.226338285714	150520	160948	150678.8	153969	0	157719	0	160304	158359.4	0
794	346.034864	213999	181609	177692.5	136924	143995.6	138809	134329.9	121266	106902.5	113999
795	346.075604	120554	107445	113601.9	73776	114010.8	76076	90037.2	92044	88142.9	86771
796	347.006607333333	190590	169918	0	0	141893.3	146990	137333.1	0	0	137027
797	347.205564	159264	166883	0	0	151726.4	0	152384	0	156656.9	0
798	347.205324	47479	0	0	0	0	0	0	0	0	0
799	348.064199	83742	94200	90729.6	0	0	0	0	0	0	70198
800	348.194124	0	0	0	0	0	0	0	0	9256.6	0
801	349.061254	430763	508843	437861.9	443170	479446.7	459410	499430.8	498039	479130.3	494427
802	349.166674	0	0	49955.6	0	0	40833	0	0	0	0
803	349.164024	0	114034	118318.8	0	0	0	0	0	0	0
804	349.884912888889	485816	418695	0	428555	362921	345237	355971.8	355966	371622.3	341283
805	349.956224	0	0	483794.8	0	0	0	0	0	0	0
806	350.025484	145665	143739	98483.2	0	0	0	90632.2	98013	0	0
807	350.061684	1054237	1056351	774606	750659	745639.8	757280	749928.1	760939	741568.7	744007
808	351.037740666667	0	0	49150.5	54372	0	57949	59939.2	0	57323	56818
809	351.074395428571	76907	59729	48454.6	35912	41412.7	38946	35454.8	0	0	0
810	351.179124	0	0	0	0	0	0	0	0	0	111255
811	351.918124	1043734	898976	972243.1	867597	825503.3	828186	822014.7	779745	760640.9	799448
812	352.011874	43463	51772	41225.7	46082	44270.5	42806	41199.9	47568	49964.8	43727
813	352.076349	0	0	251972.3	0	0	291621	165370.9	0	0	159622
814	353.158690666667	223949	0	227690.5	202846	194284.3	191812	210670	206237	211960.3	204777
815	353.168654	421980	434063	480619.8	457892	432186.5	427204	451821.4	459926	466178.2	461762
816	353.951174	864276	0	808406.6	0	0	0	671065.3	641216	649620.3	662195
817	355.184404	268706	267056	304007.2	293648	295325.5	296469	303693.3	310085	298181.5	300006
818	355.247274	287788	306336	322311.6	330442	340906.3	332495	324835.4	319301	333391.8	328477
819	355.247094	525219	597546	640881.1	698647	671600.7	648276	683493.8	669059	669769.4	661719
820	356.068099	0	229992	0	0	0	232072	0	210488	208790.6	0
821	356.067924	0	269149	0	0	0	0	0	0	0	0
822	356.206194	217668	255957	238398.3	233857	236975.9	241017	219075.2	245431	211059	253827
823	357.153524	71166	68342	0	0	0	0	0	0	0	0
824	357.162424	0	0	0	0	0	0	0	0	0	235693
825	357.190007333333	114814	192835	0	140263	0	0	124364.7	162291	0	182006
826	357.189904	0	175041	187088.8	120517	198946.9	0	0	0	0	177378
827	357.201364	622588	716189	654881.5	683243	706896.8	711267	708592.2	754536	713950.8	768227
828	357.262954	410550	486666	502678.9	535435	558754.4	557714	566457.3	552448	569097	527926
829	357.262814	193726	213033	232033.3	255628	245514	252152	260023.8	259947	236555.5	239995
830	357.262609714286	134788	134026	181119.7	165827	181631.8	0	174586.7	0	0	162681
831	358.257964	237179	231724	214553.5	219724	225886.4	225966	228633.4	219622	222372.2	232055
832	359.188294	142200	165117	184595.7	183877	177005.8	183632	190619.3	202181	205133.3	194795
833	359.205574	558943	656496	592240.4	0	0	582112	584054.2	0	0	565593
834	359.205564	252765	312674	278406.6	276368	265323.8	271553	262633.8	282222	277238.1	271614
835	359.205624	612343	685069	604167.8	602280	594299.1	584005	597100.7	607011	588604.8	612050
836	359.205774	679892	722973	681321.9	660318	652914.1	670568	669127.8	708586	688310.6	655837
837	359.205724	0	0	0	0	0	310685	311707.3	347469	0	0
838	359.205604	353996	0	0	362101	0	365651	376293.9	380434	0	0
839	359.242034	386357	407171	418348.5	384598	384885.5	385908	448981.4	383483	435886.6	398271
840	360.073464	132453	127060	124568.4	106369	104562.4	100629	101378	103748	105949	103531
841	360.132274	237867	229313	213287.5	230686	0	0	223979.3	220418	0	0
842	360.164457333333	168355	109384	177637.9	151481	158434.2	0	172343.9	166252	163893.4	159536
843	360.200857333333	187175	196098	226141.5	213570	211983.5	201153	223034.4	0	204760.2	212817
844	361.058674	0	0	0	113766	0	0	0	130210	0	0
845	361.058774	0	0	0	121567	0	0	0	129936	0	0
846	361.185124	0	61160	0	0	0	0	0	0	0	0
847	361.184674	168668	177091	192352	187052	204112.9	177639	210942.7	203740	213175.2	210947
848	361.184844	224720	247080	245143.8	238783	258315.5	243346	266319.7	261658	257933.5	259133
849	361.200604	348319	409700	402036.8	0	0	0	0	0	487357.4	496416
850	361.200424	0	0	786346.8	804194	788910.5	848403	868737.4	862178	946403.1	858622
851	362.050107333333	190921	0	179294	157587	0	180655	164071.9	160808	0	0
852	362.118324	0	0	0	0	0	0	0	0	0	128346
853	363.180324	0	0	0	0	0	0	0	65027	0	0
854	364.0979365	0	0	147905.2	165550	163520.5	161603	167206.5	164356	158139	165966
855	365.017404	0	0	0	0	315260.1	332647	239685.7	348881	339646.7	0
856	365.195194	386980	437548	399428.5	399009	402342.7	398106	411343.8	436196	464149.3	459272
857	365.195074	358986	403773	416383.4	425822	418374.9	447674	454559.1	472329	472172.6	468228
858	365.194424	0	0	0	0	0	0	0	0	0	111180
859	365.933624	0	0	275769.4	0	0	0	0	0	0	0
860	366.023374	87944	115732	0	0	0	0	0	0	0	0
861	366.142940666667	141581	151595	0	181283	0	0	192696.1	0	183306.9	170151
862	366.142466857143	124056	0	135444.3	140789	0	140497	139731.3	0	131685.1	105658
863	366.203124	0	0	0	0	0	0	0	0	0	192161
864	367.174294	231446	262575	225881.3	232451	204825.2	233800	233236.6	243431	242280.1	228909
865	368.022479555556	106808	89629	81735.3	69161	65221.3	59706	62717.6	63725	0	70984
866	368.058824	0	56687	0	0	0	0	0	0	0	0
867	368.219724	0	0	0	0	0	0	129375.1	0	0	0
868	369.2623865	0	45801	78258.7	68250	70840.2	61462	63668.7	0	61780.8	63850
869	369.262624	155756	180408	222667.1	226059	218008.2	211825	220276.6	212855	210367.8	195423
870	369.928599	0	0	340710.6	0	0	274444	0	262123	262038.1	0
871	369.964724	72419	65283	0	0	0	0	61866.4	0	0	68056
872	370.221574	146541	165210	160455.1	154439	156603.1	162232	161212.8	163331	162042.3	158546
873	371.278135111111	95148	108397	142821.6	136903	142266.8	140502	139736.4	0	98187.5	94754
874	371.277924	107060	118334	0	145904	129698	138029	148246.4	0	0	0
875	371.277674	0	0	0	60106	60720.1	59089	58488.1	0	0	0
876	372.132157333333	0	0	0	0	53354.2	0	55269.7	0	59073.3	0
877	372.237424	0	67124	50835.7	0	0	0	0	59468	59577.8	0
878	372.237074	116065	137084	128584.2	122986	132414.3	127585	139908.7	126647	134926	135915
879	372.237074	89399	0	0	0	80092.5	69159	0	84378	70974.3	60462
880	372.273744	122668	126424	0	0	80159.7	0	88274.1	83629	0	0
881	372.273668444444	55014	59204	58768.4	54545	46897.1	53155	0	55420	58348.8	60355
882	373.173844	316372	325486	312980.7	309424	303474	305215	291791.1	294469	289321.8	298639
883	373.221124	314750	311712	229796.5	282120	247225.2	243821	282054.4	280751	259342.3	307403
884	373.221040666667	0	406797	342203.5	330300	0	342531	388823.3	0	0	394615
885	373.221024	412531	0	0	0	0	0	0	0	0	0
886	374.216664	0	262935	233383.6	0	0	0	259822.6	247929	214457.7	0
887	375.021774	0	0	0	0	0	0	0	57080	0	60800
888	375.1638615	126599	127607	129310.1	125690	128951.3	0	146477.6	0	143056.4	147710
889	375.200540666667	0	156659	0	0	152597.4	154227	0	174131	165813.2	161334
890	376.040844	164520	172891	168681.4	179568	171103.8	164407	168170.6	169580	174348	169145
891	376.045524	44802	0	36700	0	0	0	0	0	0	0
892	377.017274	0	0	0	0	0	0	0	0	1717051.1	1659765
893	377.1953615	0	170879	173524.8	176680	175375.7	185159	182733.1	186899	185556.4	0
894	377.195234	357812	405270	379394.6	388335	386023.8	404450	501478.4	421982	421463.3	415079
895	378.023724	775893	740649	659904.1	599347	552812.9	526150	533654.6	514811	0	0
896	378.066468444444	323176	351959	286071.9	291983	278433.5	279009	0	279896	274868.3	271998
897	379.174354	101388	124688	120034.7	111814	111956.7	109554	118704	125026	121766	119766
898	379.210490666667	0	0	0	0	0	0	75457	0	83401.1	71810
899	379.210699	0	0	0	160661	0	0	177609.2	189315	196361	0
900	379.210924	34705	0	0	0	0	0	0	0	0	0
901	379.965224	0	0	0	0	0	0	0	66529	77916.8	67630
902	380.025474	282108	255755	256693.1	212583	209964.4	207993	209022.4	226988	225365.6	217028
903	380.054404	157039	0	155979.3	160492	0	0	141465.1	0	0	137707
904	380.072224	5100725	5067123	3634827.8	3627741	3672488.8	3634246	3656238.5	3637432	3619728.3	3549206
905	381.189774	0	0	0	0	61311.7	0	0	0	58140.7	0
906	381.237644	830851	850320	769584.4	737840	700074.7	706100	703637.6	707551	719319.4	727113
907	382.020890666667	0	82289	87098.8	73994	61422.7	0	0	0	81739.8	59457
908	382.072454	434053	426681	304874.1	301246	303896.3	295630	302628.6	308925	296486.3	300546
909	382.221699	0	0	55112.2	54441	0	53132	54669.1	0	0	0
910	383.031190666667	69381	74877	67580.1	0	71338.8	74009	66035.2	0	0	0
911	383.107934	4166431	4615874	4270382	4256309	4331162	4380484	4483968.5	4540869	4508070.5	4466809
912	383.108024	0	1616101	1559610	1551093	1526462.1	1561375	1627052	1625982	0	0
913	383.142074	0	0	0	0	46007.5	0	0	0	0	45770
914	384.163224	342076	323217	302332.5	298109	326444.8	0	335515.3	336705	327832.5	354843
915	384.237274	122688	124450	115988.5	123456	127114.5	133038	111213.8	134111	129164.3	101446
916	384.237457333333	0	0	0	0	0	0	77895.3	79291	79054.7	0
917	385.173294	84546	90216	78794.3	85818	89027	88003	90376.8	92540	93776.9	92920
918	385.293452571429	53275	0	77093.1	0	80806.3	72054	0	69239	53703.1	47585
919	386.216190666667	0	0	15055	0	0	35463	23373.6	0	0	0
920	386.252984	189066	209159	183148.9	0	0	0	203954.9	0	0	198357
921	386.252946222222	187204	227326	204210.3	0	213271.3	226365	232560	238470	236988.9	244467
922	386.289874	0	0	112794.4	0	0	111273	0	108621	103970.5	0
923	387.211924	0	103923	0	0	0	0	97768.5	0	0	0
924	387.225607333333	0	0	85187.9	101571	0	88813	80980.4	0	104217.5	101073
925	387.236579555556	60053	66343	0	86961	71373.3	59129	77155.2	78425	69215.3	83314
926	387.236495428572	150756	178624	171653.9	183985	182644	0	190834.6	0	197640	0
927	388.065934	971778	747694	905144.8	697425	642744.6	618390	587846.7	523272	549705.6	572929
928	388.195984	47892	44104	52501.6	0	0	0	42560.2	39465	0	0
929	388.231890666667	0	0	0	0	0	110182	97482.4	0	0	99746
930	389.233146222222	71388	91356	122522.8	132505	124365.1	122344	131837.2	0	122504.9	125643
931	390.083912888889	0	186851	204222.1	187996	163028.5	165183	163354.9	164974	170592.4	172457
932	390.083999	0	0	100196.3	105652	0	0	95713	0	103922.4	0
933	391.032935111111	0	75914	73364.9	54789	46807.9	48702	44014	47576	43739.6	36951
934	391.087924	0	0	0	59493	0	0	0	0	0	0
935	391.210624	0	0	726742.3	734473	771007.1	781459	0	0	0	793909
936	392.072135111111	181915	182929	225596.8	0	223859.8	228132	223888.7	226350	233372	235426
937	393.1897365	103309	117163	111356.8	106680	108769.6	115369	0	0	112284.3	116454
938	393.226252571429	80503	0	85869.9	90794	0	94016	0	101178	102676.8	100372
939	394.042690666667	0	167858	0	0	0	136952	0	154656	0	0
940	394.051409714286	0	196186	172560.9	179317	0	0	206680.5	214013	182953.7	184249
941	394.185204	121111	138389	124171.5	103100	107543.1	104101	120695.3	114315	120091	106558
942	394.184724	92823	0	0	0	0	0	0	0	0	0
943	395.205624	0	72942	65744.6	0	0	0	62926.1	0	0	0
944	395.943574	0	0	0	0	0	0	0	0	114444.4	108341
945	396.053644	87186	80579	73688.4	55581	60177.3	61551	59394.1	67733	58273.7	61885
946	396.126704	89635	88155	90414.7	54614	92737.8	85158	86047.7	78359	84462.7	87958
947	397.910157333333	68344	57556	0	53141	0	0	0	0	0	0
948	398.2526615	0	69895	71181.1	81601	72608.4	79275	76999	0	76120.9	92625
949	400.012204	104145	96709	90056	74430	72046.9	70769	72122.6	69442	77790.9	77364
950	400.232209714286	198119	213682	0	193237	0	173257	0	132768	184622	138339
951	400.279674	0	0	46842.7	0	41585	0	48820.3	46459	0	0
952	401.240974	0	0	0	0	39628.4	0	0	46554	0	0
953	401.894804	189860	121564	157179.8	130931	0	0	0	0	125695.3	0
954	402.247754	117890	132678	121699.4	135343	127206.1	133027	137731.4	132781	140270.3	141923
955	403.147724	0	0	0	0	0	0	48880.9	0	0	0
956	403.220224	0	0	0	0	0	0	63101.4	0	0	0
957	404.190424	0	0	0	0	0	0	0	0	0	61231
958	405.048364	103391	115282	98797.5	89899	83169.8	95405	96701.9	93638	105462.5	100400
959	405.048594	548396	576441	517969.1	505237	454915.8	498771	496076.7	537556	557081.4	561051
960	406.055157333333	84098	0	0	72930	73677.6	72790	0	72844	67679.9	0
961	406.144799	0	0	0	0	253245.9	245206	0	0	244716.1	240752
962	407.011484	126240	119033	0	0	86412.1	100553	0	0	97335.4	0
963	407.194324	0	40943	0	0	0	0	0	0	0	0
964	408.056774	0	68561	0	0	0	0	53967.7	0	0	0
965	408.237224	44090	0	0	0	0	0	0	0	0	0
966	409.007274	2989359	2780470	2723654	2476475	2355022.3	2370696	2357218	2415696	2429173.8	2347746
967	409.184709714286	0	141042	108439.7	111913	126270.9	0	126654.5	0	135263.3	123312
968	409.268894	51910	55684	62698.4	64479	68476.1	67655	71739.5	62285	70228.5	65814
969	409.977049	0	216035	0	248496	295613.8	339365	359769.2	401223	426357.7	437388
970	410.082644	231641	235381	276199.5	279992	265142.2	271447	275513.4	273114	279278.4	272957
971	412.015484	279467	262296	284725.6	0	0	0	238521.3	213183	0	0
972	414.011074	79362	78165	82470.4	80104	89414.7	74612	78830.1	80814	78273.1	83623
973	414.211440666667	90059	85753	96288.4	91586	0	0	0	0	97430.3	81404
974	414.247679555556	255570	0	270059.3	262663	234661.1	238273	260961.2	269807	287883.7	280176
975	414.247846222222	479816	578277	480975	552683	488543.8	556706	489732.6	532991	554073.8	0
976	414.284624	0	116003	0	0	0	0	0	0	0	0
977	415.206474	0	67977	78972.8	77400	78834.6	0	82674.3	0	0	81900
978	415.256999	37513	0	0	0	0	0	0	44861	57613.1	45451
979	415.279484	142775	152777	168434.8	150924	150640	149331	166388.6	162723	157318.5	163681
980	416.153062461538	84179	87529	126409.1	87078	28340.7	128136	28269.8	121153	92420.4	91273
981	416.226984	147603	160337	161770.4	146878	159860.9	139316	142325.6	158649	147222.8	139144
982	417.147474	0	0	0	44998	0	0	0	0	0	49273
983	417.163224	66439	83092	69381	68208	71678.2	67209	71714.3	76504	76520.2	81400
984	417.236074	36504	0	0	38601	0	0	0	0	0	0
985	417.867514	108484	120683	98121.9	125905	117759.3	96805	119779.9	126670	123445.8	119139
986	417.943604	733966	446278	636441.1	433559	401206.8	366890	338314.7	330075	327844.1	345779
987	419.179134	181507	200209	211049.3	212147	208447.2	206313	206152	223276	225197.6	220990
988	419.243724	0	0	44762.2	0	36952.7	0	0	0	0	0
989	419.905524	1379146	1020120	1251108.4	963907	883891.2	842686	837738.6	819477	857636.3	850449
990	421.903824	0	0	0	0	0	124926	0	0	0	0
991	421.938324	0	2604285	0	0	0	0	0	0	0	0
992	422.110054	209786	236256	210545.3	212369	208395.2	203416	217444.7	222634	217034	211578
993	422.117924	110754	0	0	0	0	0	0	0	0	0
994	422.135966857143	0	202646	225461.5	211103	214343.5	205793	0	196736	217600.3	0
995	423.094504	0	0	0	0	0	92760	88274.9	101266	106565.4	100968
996	423.200524	126078	151911	0	145953	144759.7	0	145656.6	147769	160450.2	157728
997	425.954304	0	0	0	0	250481.2	0	294422	318640	340259.7	349849
998	426.188764	117263	133178	114397	132257	132608.3	128678	135800.1	133048	138928	141195
999	426.248724	0	0	0	0	0	0	0	0	86651.9	0
1000	427.169007333333	206134	212541	0	231655	228420.1	226240	226973.5	0	0	0
1001	428.089190666667	0	0	0	0	0	57708	0	66449	70490	0
1002	428.263735111111	2390565	2614657	2505708.3	2542971	2516632.8	2574526	2673823.8	2748523	2793408.8	0
1003	429.184674	128595	130832	158056.1	154110	0	0	151221.6	151649	157046.8	150200
1004	429.222324	108562	0	0	0	0	0	0	0	0	117303
1005	430.279124	958078	1082407	962436.8	1017189	1033132.4	1039250	1077110.8	1107118	1118025.5	1097724
1006	431.251540666667	0	0	0	52325	55621.1	50981	0	73263	115405.7	72117
1007	432.999874	0	0	0	0	0	0	0	0	51641.4	32669
1008	433.194724	82081	75328	89177.1	0	0	89198	84357.7	0	0	87287
1009	435.022614	153305	159727	148236.3	147217	131221.5	130481	138523.6	147432	151915.9	143513
1010	435.954124	0	0	1457406.5	0	0	0	0	0	0	0
1011	436.965524	55813	0	48009	0	0	0	0	0	0	0
1012	437.074724	637192	752765	596716.5	604347	611771.4	628658	608420.1	652146	644853.5	574069
1013	437.204644	60169	62862	62399.7	64687	64932.4	63543	59764.9	71927	74153.6	73472
1014	437.240624	25626	0	0	0	0	0	0	0	0	0
1015	437.916024	926441	659671	0	0	0	0	0	0	0	544160
1016	438.224924	0	0	0	0	0	0	3362	0	0	0
1017	439.053957333333	0	0	44415.6	40413	35106.2	0	0	35368	39369.7	33701
1018	440.083024	0	45537	0	0	42434.9	0	0	41478	40852.7	43480
1019	440.093274	408409	395817	506423.4	503133	497475.5	482692	506894.9	502195	519396.5	521697
1020	441.012024	0	0	0	0	0	0	40598.1	37172	0	39579
1021	441.258324	0	0	0	0	8135.7	0	0	0	0	10973
1022	441.258764	41256	48985	0	0	44051.3	0	53477.9	0	0	42846
1023	441.933624	0	0	0	0	0	0	0	0	155094.9	0
1024	442.242535111111	56340	89981	69730.1	68100	0	80460	81347.9	72868	83412.7	91772
1025	442.278124	0	0	13349.7	0	0	0	0	0	0	0
1026	444.199312888889	61455	68877	62790.5	68365	0	68666	69047.6	75989	70941.9	72084
1027	444.221864	152144	173400	163733	164219	162646.5	160756	159327.6	170680	166498.9	158013
1028	446.124274	0	84350	0	0	0	63428	0	0	0	0
1029	446.219954	384004	423533	402109	421299	417441.4	428622	431104.6	456520	457908.4	434933
1030	449.038134	462403	455012	423311.1	407920	395069.3	414795	396951.8	431202	442741.4	424153
1031	449.263524	35557	42146	36931.3	38269	0	0	0	0	0	0
1032	449.969624	249989	0	215184.1	0	0	0	0	0	0	0
1033	452.3359865	134182	143575	169666.9	182945	0	176922	177613	0	171807.8	180268
1034	452.336304	251543	296898	365241.2	363468	367949.1	362764	365256.6	368379	379895.8	377436
1035	454.132299	57122	76625	75815.5	67881	68579.1	0	69060.4	0	65926.1	63799
1036	456.148079555556	359762	346707	373990.1	370108	363292.9	361123	350747.5	0	405318.3	371399
1037	456.258474	332600	0	357244.2	374218	313562.7	0	333639.8	350690	422801.9	420758
1038	456.294664	322197	388601	381099.1	394699	423622.7	427062	451985.5	427729	438191.8	439008
1039	457.180024	1504586	1501086	2273041.8	0	0	0	0	0	0	0
1040	457.217224	0	0	0	0	0	0	0	0	48057	0
1041	457.253674	150535	147086	0	0	0	149493	0	0	157114.4	0
1042	458.183244	66528	67692	64318.8	61709	60387.4	61625	64068.2	63191	66815.5	66963
1043	459.195224	0	245616	0	0	0	293639	0	0	0	0
1044	460.020924	0	86715	0	0	0	0	0	0	0	0
1045	461.225574	0	70592	0	0	69971.7	71319	0	0	0	79898
1046	462.098195428571	116537	85258	253337.3	0	411351.9	405817	0	416671	413980	0
1047	464.074424	0	0	0	0	0	0	0	0	0	38963
1048	465.236204	35479	39900	0	0	0	0	0	36378	60211.3	61619
1049	465.896609714286	134765	0	135155.5	115564	103876.9	101307	98595.4	97321	0	0
1050	466.206194	125890	148681	125086.5	122503	121953.4	124189	127556.6	133921	138053	133180
1051	468.047294	749718	821943	822575.6	831779	815418.1	812749	797293.1	755211	740906.6	753005
1052	468.047024	247961	0	227405.5	209533	155855.5	162346	0	195459	0	0
1053	468.047824	0	0	0	0	0	0	0	33988	0	0
1054	468.147824	19013	0	0	0	0	0	0	0	0	0
1055	469.289924	0	153670	0	0	0	0	0	0	0	0
1056	470.062524	0	0	0	0	0	0	0	0	0	54331
1057	474.158609714286	655683	692972	0	682697	666480.6	673001	0	669170	0	690370
1058	476.120594	159282	138667	155842.3	135116	125897	118116	111988.6	118020	117530.3	115449
1059	483.094724	394919	371032	362222.1	330049	335100.9	320711	347670.5	321650	340548.8	344487
1060	485.110464	716072	904940	860164.7	943741	977138.7	1020345	1045519.8	1100938	1156320.8	1136827
1061	486.101324	42385	0	0	0	0	0	0	0	0	0
1062	486.158252571429	121661	98280	0	139585	143329.7	136828	0	133029	0	140122
1063	487.264201777778	295039	312742	310302.1	295505	296278.5	311942	0	313587	323767.2	319786
1064	488.073624	370893	691658	638417.3	971756	1005013.9	1102013	1178865.8	1294715	1489572.6	1486490
1065	488.073504	188093	252634	250828.5	301523	326536.3	335229	350427.3	364085	385151.3	395239
1066	489.184124	0	0	0	0	0	139696	0	0	0	0
1067	491.032401777778	36275	34692	31608.3	30251	31868.7	29778	31756.9	35108	35540.9	0
1068	491.085294	254011	229609	245515	193045	165662.6	164564	173319.3	163126	158206	155388
1069	491.204857333333	81510	87416	77245.5	0	0	0	75915.6	68038	0	72110
1070	492.010324	0	90283	77933.4	0	0	0	0	0	0	70835
1071	492.059424	49556	57225	46960.1	45220	42237.5	43435	44058.9	45826	50054.6	47483
1072	493.028104	1041208	1024065	967348.4	928517	948934.4	984543	972341.4	1014576	1042242.1	987955
1073	493.941924	0	0	0	0	0	0	0	631928	0	0
1074	496.036299	0	119854	112949.6	111565	101879.6	0	127243	114982	122356.4	118071
1075	501.054424	0	0	0	0	0	11604	0	0	0	0
1076	501.279684	190248	212943	192873.1	209425	203593.8	209375	214393.3	215068	217102.5	225628
1077	502.189814	151324	157230	161268.3	160011	155426.4	149234	158870	142423	149019.3	152060
1078	502.231204	43589	54032	46140.7	44546	49975.5	51852	51205.4	47797	46067	41673
1079	504.169224	108978	103354	0	148763	0	0	0	0	145836.3	0
1080	505.220235111111	79664	0	74170.9	79067	75721.7	69903	79059.8	75085	75677.6	63482
1081	505.290035111111	224280	222695	213655.7	212659	213409.3	0	223229.8	221045	227907	222808
1082	506.131157333333	59042	0	52321.4	47961	0	0	0	0	0	0
1083	506.983957333333	0	33042	0	0	24047.4	23763	0	22183	21273.9	22254
1084	512.114484	235279	230719	246027.5	238414	0	0	0	0	0	229869
1085	513.141624	116681	147209	160891.5	164156	177239.8	177336	179268.5	173790	183074.6	181254
1086	513.141674	0	0	0	0	0	41061	41804.9	0	0	0
1087	514.238464	0	0	75019.1	55603	57897.3	0	0	60127	72512.8	0
1088	516.104824	152254	180589	182012.5	191833	192961.3	190150	208364.4	212948	204192.8	213950
1089	516.103424	0	0	0	55933	0	0	0	0	0	0
1090	516.105038285714	110868	126940	135653.5	154830	140841.7	0	0	170500	189323.1	0
1091	517.274364	38923	41592	0	0	14568.2	34391	18296.2	0	0	0
1092	528.169424	68092	66429	0	0	0	0	0	0	67337.9	0
1093	529.3113615	0	55005	60481.4	66068	73964.3	63277	74273.2	59453	60739.1	0
1094	530.263124	0	0	0	0	0	0	0	0	13564.8	0
1095	531.272364	263158	307455	287746.9	302310	328323.6	328665	326266	339452	362268.4	364598
1096	532.199324	0	0	0	0	0	0	0	0	0	61259
1097	533.209924	52290	0	0	0	0	0	0	0	0	0
1098	541.027464	33840	40115	38902	39515	37769	44897	44516.4	40129	43236.4	52350
1099	542.124764	210202	238628	165092.5	164845	166707	155829	166035.4	161031	171079	161473
1100	543.126724	0	0	0	0	0	0	0	0	0	22767
1101	547.267499	0	0	0	127140	0	134466	0	146958	144691.5	0
1102	556.104384	39114	42351	11298.1	37361	0	0	0	0	35488.2	0
1103	556.112224	37807	42833	32065.4	0	0	27328	26354.3	0	0	0
1104	558.078995428571	0	87160	68670.2	0	92722.6	61345	99783.1	98362	0	115513
1105	560.094224	0	0	0	0	0	0	0	0	47183.1	39040
1106	566.152164	138265	142459	146304.1	143421	128023.5	135820	128804.5	145950	139046.7	143501
1107	572.135401777778	0	53154	63235.5	61617	61865.5	62843	62575.6	58895	60447	61732
1108	578.059734	119885	99641	97025.6	89432	81940.8	71762	76752.2	81619	84326.9	84426
1109	578.142124	0	125060	119172.9	120592	122831.3	124702	125261.3	132241	127016.9	128293
1110	582.199024	87772	95080	82255.8	89209	103234.4	89788	94610.2	94467	85348	86629
1111	586.174290666667	20144	35205	44538.7	21876	22036.4	35755	20213.9	0	42941.5	23066
1112	588.189924	0	0	0	0	0	0	15903.5	0	0	0
1113	592.184914	70574	71069	79949.4	75934	71408.4	71020	13616.1	11244	77273.4	75746
1114	598.064699	0	0	51221.3	67661	97301.9	0	0	0	94113.7	0
1115	599.327694	88625	96103	98711	98322	98474.4	97374	101340.4	96637	108302.3	103432
1116	601.3065365	85696	104301	91899.5	87116	85739.5	92459	89029.8	0	97274.1	0
1117	602.145674	96062	99326	122720.1	117119	117417.7	103512	119453.6	125174	125990.8	126588
1118	603.866524	42777	0	39529.6	0	29295.3	0	0	0	0	0
1119	603.899024	0	57076	0	0	0	0	0	0	0	0
1120	606.201190666667	1098611	1116889	1136082.1	1086488	0	1114494	1124820.4	1118086	1095409.3	1015254
1121	606.263824	0	0	0	18154	0	0	0	0	20710	0
1122	615.100994	3217644	3743377	3780504.3	3865709	3795444.8	3826416	3865423.8	3923158	3866273.5	3859530
1123	615.100654	925821	1018180	1017481.8	1048626	989802.8	1006214	967576.3	1105480	1050184	957385
1124	617.115624	1049694	1746079	1805602.4	2375860	2637484.8	2834801	3055647.8	0	4209461.5	4379134
1125	617.113924	0	223904	0	297406	0	0	0	0	0	0
1126	617.117224	0	0	0	0	0	0	0	3613428	0	0
1127	617.901824	0	0	5276.3	0	0	0	5058.9	0	0	0
1128	617.917999	17339	0	0	0	14468.9	13686	0	0	0	15726
1129	620.279024	0	0	0	0	0	0	0	0	0	25764
1130	623.278124	0	53561	0	0	0	0	0	0	0	0
1131	633.111074	144121	203364	193238.8	208101	206933.8	204579	203569.1	213202	203014.8	215305
1132	633.891924	24543	0	0	0	0	0	0	0	0	0
1133	634.231964	305806	314838	314226.3	318906	313159.6	312295	313403.2	318333	304409.3	298330
1134	636.210984	0	19710	21749.6	0	27467.1	24018	26028.8	0	0	0
1135	642.140884	38276	17863	39531.5	18157	38723.9	15970	15563.1	37112	60912.8	77939
1136	643.131554	246646	238863	235951.9	202371	210206.3	213585	209829.5	191818	168822.7	174302
1137	643.131324	53734	64108	58018.6	43841	50935.2	60862	66854.1	57541	0	43577
1138	643.131914	101537	115913	123602.5	109834	108763.3	111160	112054.8	105406	88417.9	85367
1139	644.156654	270437	296910	320782.9	307658	298831.3	256836	304092.2	230924	312984	252056
1140	645.147124	114985	132460	0	0	142803.5	154527	157508.1	169157	178690.9	181084
1141	645.147214	356200	488662	480880.7	542192	573871.5	592447	611430.4	671031	693638.8	703929
1142	645.146634	45624	70121	75337.5	78828	77552	98328	99900.7	118681	110909.1	122364
1143	645.147264	54733	82828	89403.9	98890	93185.4	106302	122664.6	140435	120797.3	118409
1144	645.147354	113809	173181	188888	217971	235475.6	241905	251617.6	278020	294070.4	278063
1145	648.210724	0	0	0	0	0	65977	0	0	0	0
1146	648.211074	243745	306633	157945.8	157106	245260.6	243015	182096.1	163466	167037.6	121486
1147	666.221474	70667	76389	87707.5	92871	89121.4	83537	82212.1	87468	89652.7	86843
1148	671.859124	20024	0	0	0	0	0	0	0	0	0
1149	673.178724	0	0	0	0	0	41367	0	0	0	0
1150	673.178124	0	0	0	0	0	0	0	0	0	62195
1151	685.906574	25287	0	0	0	0	14796	0	0	0	0
1152	694.252735111111	120483	123926	121625.6	0	141892.2	119960	87366	150947	95750.1	110091
1153	700.146199	48212	48265	0	31088	35559.9	0	0	0	0	0
1154	702.161624	72308	75349	0	12234	0	0	0	0	0	84909
1155	704.177884	328832	333992	370202.6	377086	364252.7	357370	367987	369798	353791.6	370831
1156	719.274374	0	0	18172.1	0	0	0	14068.4	0	0	0
1157	722.188009714286	0	233337	203446	0	204047.7	0	208759.3	202140	218298.4	202078
1158	738.242957333333	75396	75772	0	0	0	0	0	0	70562.9	0
1159	738.241624	0	0	66640.2	0	47470.3	0	0	0	0	0
1160	760.166774	0	0	0	28146	0	0	0	22581	0	0
1161	764.197784	0	20780	0	31310	33236.1	33478	0	0	0	37472
1162	813.289324	43505	47466	50423.9	0	0	0	0	47872	0	48295
1163	856.305057333333	52051	57821	55854.6	53603	0	47444	0	57501	0	0
