ID	RT
1	1.3
2	0.9
3	1.4
4	1.3
5	3.95
6	0.9
7	1.6
8	5.08
9	1.8
10	2.9
11	1
12	3.85
13	1.1
14	1.21538461538462
15	13.3
16	1.28888888888889
17	2.89
18	2.6
19	4.87
20	0.9
21	1.5
22	4.91
23	5.78
24	6.04
25	9.67
26	2.9
27	0.9
28	1
29	0.9
30	0.9
31	1.58888888888889
32	4.55
33	2.02
34	1.2
35	1.1
36	1.3
37	2.8375
38	1.02
39	1.2
40	2.1
41	1.3
42	1.88
43	7.85
44	8.5
45	0.9
46	1.2
47	2.5
48	13.3
49	0.9
50	0.9
51	1.3
52	4.03333333333333
53	1.8
54	13.3
55	3
56	1.4
57	1.3
58	1.92
59	2.3
60	4.8
61	13.3
62	4.4
63	1.84
64	0.9
65	3.97
66	1.3
67	5.08
68	0.9
69	1.11818181818182
70	1.4
71	1.7
72	2.29
73	2.9
74	0.9
75	1.2
76	2.92
77	2.9
78	7.22
79	1.1
80	1.1
81	0.9
82	0.9
83	1.5
84	3.83
85	1.03
86	2.02
87	5.08
88	4.7
89	1.88
90	8.5
91	13.2111111111111
92	1.3
93	1.1
94	13.3
95	0.9
96	3.85
97	1.4
98	1.16666666666667
99	2.86
100	7.22
101	1.2
102	3.2
103	0.9
104	0.9
105	1.3
106	4
107	0.9
108	1.76666666666667
109	4.91
110	5.77777777777778
111	6.06666666666667
112	9.67
113	0.97
114	1.06666666666667
115	1.4
116	0.9
117	1.24736842105263
118	4.3
119	7.52
120	7.89
121	0.9
122	0.9
123	1.4
124	4
125	4.5
126	8.63
127	2.02
128	1.86666666666667
129	2
130	4
131	4.5125
132	4.8
133	8.67142857142857
134	1.05
135	1.6
136	1.3
137	1.8
138	1.1
139	0.9
140	1.2
141	1.18947368421053
142	2.1
143	5.98
144	5.08
145	1.08
146	0.9
147	1.2
148	1.3
149	1.1
150	1.3
151	3.52
152	1.3
153	1.1
154	1.3
155	4.02
156	3.8
157	13.3
158	1.4
159	3.82
160	5.9
161	10
162	1
163	6.8
164	2.1
165	1.9
166	1.28333333333333
167	1.6
168	2.43
169	0.9
170	1.21
171	2.88
172	7.22
173	3.3
174	3.875
175	8.3
176	1.09
177	1.8
178	1
179	2.03
180	3.2
181	0.93
182	0.9
183	1.3
184	4.02
185	5.6
186	5.9
187	1.23333333333333
188	4.91
189	1.09
190	4.87142857142857
191	5.675
192	1.6
193	2.02
194	1.2
195	0.9
196	1.2
197	13.3
198	3.0625
199	0.9
200	1.6
201	1.9
202	4.92
203	13.3
204	3.4
205	0.9
206	9.26666666666667
207	0.9
208	1.22307692307692
209	4.03
210	1.2
211	2.9
212	3.97
213	7.8
214	5.78
215	13.3
216	1.2
217	1.7
218	3
219	4.3
220	5.02
221	10.68
222	0.9
223	1.3
224	4
225	4.4
226	4.8
227	8.63
228	8.68
229	1.2
230	3.92
231	0.9
232	5.98
233	0.9
234	1.3
235	8.71
236	1.2
237	1
238	1.1
239	0.9
240	4.87
241	6.4
242	9.4
243	1.3
244	1.75
245	2.9
246	1.3
247	8.5
248	1.31111111111111
249	2.02
250	2.46666666666667
251	0.9
252	1.8
253	4.92
254	2.9
255	13.3
256	4.1
257	1.9
258	0.9
259	1.5
260	13.3
261	2.53333333333333
262	1.45
263	0.9
264	1.2
265	2.71
266	1.2
267	1.55
268	1.2
269	1.3
270	0.9
271	1.3
272	3.7
273	4.03
274	1.71
275	3.98
276	7.8
277	9.66
278	1.12
279	1
280	1.25882352941177
281	1.68571428571429
282	0.9
283	1.12
284	6.6
285	11.6
286	4.5
287	4.8
288	0.9
289	2.2125
290	5.58
291	7
292	2.25
293	4.83333333333333
294	1.2
295	2.13
296	3
297	4.3
298	4.4
299	13.3
300	1.6
301	2.9
302	1.3
303	0.9
304	9.2
305	4.5
306	13.3
307	0.9
308	0.9
309	2.9
310	4.02
311	2.2
312	4.5
313	6.05
314	1.8
315	7.3
316	0.9
317	1.3
318	8.64
319	4.1
320	1.3
321	2
322	4.1
323	0.9
324	1.3
325	3.3
326	3.7
327	5.7
328	6.5
329	2.43
330	1.2
331	1
332	0.9
333	1.18
334	1.3
335	7.22
336	1
337	1.25555555555556
338	1.2
339	3.52
340	5.08
341	1.76666666666667
342	0.9
343	5.78571428571429
344	9.66
345	13.3
346	4
347	4.51111111111111
348	4.8
349	2.2
350	4.2
351	2.88333333333333
352	0.9
353	2.2
354	1.4
355	1.3
356	6.1
357	0.9
358	2.4
359	2.9
360	4
361	5.37
362	7.8
363	1.3
364	1.71818181818182
365	2.225
366	0.958333333333333
367	1.1
368	1.7
369	1.9
370	3.13
371	0.9
372	1.38888888888889
373	3.4
374	4
375	6.5
376	1.2
377	2
378	1.3
379	5.98
380	7
381	3.3
382	3.7
383	2.5
384	1.2
385	1.3
386	9.8
387	13.3
388	3.52
389	0.733333333333333
390	5.6
391	7.22
392	1.76666666666667
393	2.03333333333333
394	2.47
395	5
396	5.32
397	5.02857142857143
398	5.72
399	1.4
400	0.9
401	1.775
402	1.275
403	1.95714285714286
404	4.1
405	2.18
406	4.7
407	4.6
408	1.3
409	3.08
410	3.71818181818182
411	5.93333333333333
412	6.3
413	8.28
414	1
415	1.2
416	1.6
417	3.11
418	1
419	4
420	1.7
421	2.5
422	2
423	2.4
424	4.175
425	1.32857142857143
426	0.9
427	4
428	8.65
429	2.9625
430	2.15
431	3.75
432	5.71428571428571
433	6.9
434	13.2
435	0.9
436	13.8
437	7.2
438	5.98
439	6.5
440	1.6
441	1.19090909090909
442	2.06666666666667
443	2.725
444	3.08571428571429
445	3.3
446	1.3
447	0.9
448	1.38333333333333
449	2
450	5.02
451	5.71
452	2.04
453	2.33
454	2.74
455	4.78
456	6.03
457	4
458	1.08
459	6.9
460	1.21
461	1.8
462	2.1
463	9.2875
464	1.02857142857143
465	2.2
466	3.5
467	1.9
468	2.5
469	0.8
470	2.7
471	3.53333333333333
472	3.8
473	13.7
474	4
475	13.3
476	13.3
477	13.2888888888889
478	1.25
479	1.925
480	2.4
481	2.9
482	3.2
483	4
484	2.9
485	3.7
486	4
487	2.2375
488	5.37
489	1.3
490	4.98571428571429
491	5.98
492	4.1
493	1.4
494	1.3
495	3.77
496	4.4
497	4.88
498	6
499	0.9
500	1.63333333333333
501	1
502	1.5
503	1.2
504	1.93333333333333
505	3.5
506	1.275
507	2.2
508	3.1
509	2.74285714285714
510	5.62
511	7.3
512	1.1
513	7.8
514	4.1
515	13.25
516	2.3
517	4.5
518	0.9
519	0.9
520	1.1
521	13.3
522	13.3
523	6.58
524	6.88
525	1.09
526	2.4
527	4.01
528	1.2
529	3.5
530	1.4
531	1.3
532	7.88571428571429
533	7.6
534	7.89
535	2.3
536	1.275
537	1.8
538	1
539	1.24444444444444
540	1.2
541	1.3
542	1.9
543	2.725
544	4.5
545	6.44
546	2.9
547	2.73333333333333
548	3.18
549	3.8
550	2.7
551	3.8
552	3.9
553	3.8
554	1.14
555	5.88
556	3.62
557	4.2
558	6.425
559	6.9
560	0.9
561	1.6
562	2.625
563	3.4
564	0.9
565	10.3
566	12.6
567	13.1
568	13.3
569	2.54444444444444
570	0.9125
571	7.8
572	1.77
573	2.13
574	9.19
575	9.4
576	1.3
577	8.08
578	1.1
579	2.3
580	2.325
581	3.62222222222222
582	4.4
583	2.04
584	1.1
585	4.91111111111111
586	6.9
587	6.125
588	1.04545454545455
589	1.2
590	3
591	1.7
592	5.44
593	5.88
594	6.3
595	0.9
596	1.7
597	3.3
598	4.2
599	2
600	2.4
601	8.78333333333333
602	0.9
603	4
604	1.2
605	2.72
606	1.3
607	1.7
608	2.15
609	2.7
610	4.2
611	1.7
612	2.52
613	4.41
614	1.01666666666667
615	1.8
616	3.2
617	1.1
618	2.5125
619	3.9
620	4.2
621	7.3
622	2.1
623	5.3
624	1.2
625	3.825
626	3.83333333333333
627	5.61
628	7
629	4.45
630	4.52222222222222
631	7.6875
632	1.6
633	4.92
634	3.8
635	1.1
636	0.9
637	3.3
638	5
639	8.61
640	4.92857142857143
641	1.2
642	1.225
643	2.6
644	1.9
645	3.12
646	3.6
647	4.25
648	1
649	4.7
650	5.3
651	1
652	3.075
653	2.44444444444444
654	2.9
655	1.1
656	2.175
657	2.54
658	3.22
659	3.9
660	1.6
661	1.3
662	4.48
663	2.47
664	3.92
665	4.4
666	6.67142857142857
667	7
668	4.84
669	2.78
670	1.8
671	3.2
672	10.32
673	2.5
674	1.1
675	0.9
676	6.5
677	2.4
678	3.2
679	4.4
680	4.81
681	0.9
682	1.2
683	2.7
684	7.21666666666667
685	2.1
686	2.63333333333333
687	3.48
688	4.7
689	2.2
690	2.97
691	3.23333333333333
692	3.72
693	4.27777777777778
694	5.34
695	6.09
696	7.05
697	2.24
698	1.6
699	5.8
700	6.2
701	1.66666666666667
702	2.2
703	3.07142857142857
704	9.88333333333333
705	13.3
706	1.69
707	1.2
708	1.9
709	4.075
710	2.16
711	5.4
712	0.8
713	4.1
714	4.9
715	3.03333333333333
716	5.8
717	2.97
718	7.8
719	2.7
720	1.175
721	3.02
722	4.1
723	13.3
724	0.9
725	3.5
726	4.08
727	3.21
728	2.4
729	5.1
730	6.21428571428571
731	7.37
732	1.1
733	3.37
734	3.7
735	4.2
736	5.325
737	5.86666666666667
738	6.8
739	4.92
740	3.4
741	2.62
742	4.0875
743	4.40555555555556
744	1.675
745	1.3
746	2.92
747	1.2
748	3.42
749	1.93333333333333
750	3
751	0.9
752	1.2
753	1.2
754	2.1
755	2.87777777777778
756	4.56
757	5.8
758	0.9
759	0.8
760	1.2
761	1.3
762	3.4
763	3.94444444444444
764	5.8
765	1.1
766	7.59
767	13.3
768	13.3
769	5.69
770	6.875
771	7.1
772	10
773	3.75
774	2.9
775	6.82
776	7.11666666666667
777	7.72
778	8.11111111111111
779	9.9
780	2.9
781	3.22
782	1.3
783	4.3
784	1.2
785	3.7
786	2.02
787	2.3
788	5.3
789	3.9625
790	4.3
791	5.22222222222222
792	5.5
793	5.98571428571429
794	4.91
795	2.9
796	2.13333333333333
797	4.04
798	4.8
799	2.9
800	13.3
801	4
802	2.6
803	5
804	0.9
805	0.9
806	1.1
807	1.17
808	5.96666666666667
809	1.6
810	3.7
811	0.9
812	3.3
813	1.1
814	2.13333333333333
815	1.3
816	0.9
817	1.3
818	8.61
819	9.1
820	1.9
821	4.9
822	1.9
823	4.2
824	2.7
825	2.83333333333333
826	3.22
827	5.2
828	8.42
829	8.88
830	10.0857142857143
831	1.6
832	5.41
833	2.3
834	2.7
835	3.43
836	3.97
837	4.3
838	4.7
839	6.62
840	4.9
841	3.13333333333333
842	1.3
843	1.9
844	4.5
845	4.8
846	1.7
847	3.12
848	3.7
849	6.32
850	6.6625
851	3.81666666666667
852	2.7
853	5.4
854	1.1
855	4.08
856	4.48
857	5.62
858	7.5
859	0.9
860	4.1
861	2.48333333333333
862	3.9
863	13.3
864	3.5
865	2.9
866	4.9
867	13.3
868	9.2125
869	10.32
870	0.9
871	0.9
872	2.3
873	10.7444444444444
874	11
875	11.3
876	5.4
877	2.5
878	3.11
879	3.55
880	2.8
881	3.31111111111111
882	2
883	3.72
884	5.61666666666667
885	6.05
886	1.82
887	2.9
888	2.1
889	4.76666666666667
890	1.2
891	4.9
892	2.9
893	4.1875
894	4.61
895	2.9
896	2.13333333333333
897	3.82
898	4.63333333333333
899	5.7
900	7.3
901	0.9
902	2.9
903	2.14
904	1.09
905	2.6
906	2.79
907	2.9
908	1.09
909	4.1
910	4.13333333333333
911	4.5
912	4.9
913	1.1
914	2.55555555555556
915	3.68
916	5.7
917	3.7
918	12.5
919	2.26666666666667
920	4.6
921	6.62222222222222
922	4.775
923	1.8
924	1.3
925	6.46666666666667
926	6.8
927	3.83
928	4.94
929	5.26666666666667
930	9.67777777777778
931	4.5
932	4.8
933	3.9
934	3.2
935	6.5
936	1.2
937	5.125
938	5.8
939	2.13333333333333
940	1.2
941	3.41
942	3.8
943	4
944	0.9
945	4.8
946	1.3
947	0.9
948	6.1125
949	2.2
950	2.27142857142857
951	3.3
952	1.3
953	0.9
954	5.28
955	1.3
956	1.3
957	2.2
958	4
959	4.8
960	4.51666666666667
961	2.5
962	2.14
963	2.1
964	4.8
965	1.3
966	2.13
967	3.4
968	7.1
969	0.9
970	1.2
971	2.18
972	2.16
973	4.23333333333333
974	3.43333333333333
975	4.01111111111111
976	7.3
977	2.9
978	1.325
979	2.19
980	1.16153846153846
981	4.1
982	1.1
983	3.06
984	1.3
985	0.99
986	0.9
987	6.45
988	9.6
989	0.9
990	0.9
991	0.9
992	4.92
993	2.6
994	2.2
995	1.3
996	5.375
997	0.9
998	5.89
999	4.1
1000	1.1
1001	6.3
1002	4.77777777777778
1003	1.125
1004	4.25
1005	5.14
1006	1.33333333333333
1007	3.2
1008	7.7
1009	2.9
1010	0.9
1011	1.3
1012	4.92
1013	2
1014	2
1015	0.9
1016	13.3
1017	2
1018	4.92
1019	1.1
1020	5.6
1021	6.2
1022	7.18
1023	0.9
1024	4.4
1025	6.2
1026	5.9
1027	3.9
1028	4
1029	4.1
1030	4
1031	3.725
1032	0.9
1033	9.4625
1034	10.1
1035	1.225
1036	1.22222222222222
1037	4.775
1038	7.52
1039	1.1
1040	2.4
1041	3.95
1042	3.67
1043	1.1
1044	2.9
1045	5.9
1046	4
1047	4
1048	2
1049	0.9
1050	3.32
1051	3.7
1052	5.4
1053	9.3
1054	1.2
1055	4.7
1056	5.4
1057	1.2
1058	4.92
1059	6.27
1060	6.26
1061	4.8
1062	1.1
1063	4.2
1064	3.69
1065	5.3
1066	2.1
1067	4
1068	4.91
1069	2.75
1070	2.2
1071	2.2
1072	4
1073	0.9
1074	4
1075	2.2
1076	5.98
1077	4.1
1078	5.02
1079	1.15
1080	3.31111111111111
1081	4.87777777777778
1082	4.9
1083	2.15
1084	1.2
1085	7.97
1086	10
1087	2.56
1088	5.73
1089	7.3
1090	7.88571428571429
1091	5
1092	1.3
1093	8.4
1094	5.7
1095	5.58
1096	1.8
1097	2
1098	4.85
1099	1.1
1100	1.1
1101	4.15
1102	1.06
1103	2.14
1104	4.82857142857143
1105	4.8
1106	4.8
1107	1.2
1108	2.2
1109	5.5
1110	3.12
1111	1.28888888888889
1112	1.2
1113	1.22
1114	3.2
1115	7.18
1116	3.3875
1117	1.12
1118	0.9
1119	0.9
1120	1.2
1121	2.4
1122	4.9
1123	5.3
1124	4.9
1125	5.3
1126	4.9
1127	1
1128	0.9
1129	2.5
1130	4.5
1131	4.9
1132	0.9
1133	4.1
1134	1.14
1135	1.25
1136	6.78
1137	7.38888888888889
1138	8.62
1139	1.2
1140	5.6
1141	6.77
1142	7.36
1143	8.2
1144	8.61
1145	1.1
1146	2.1
1147	1.1
1148	0.9
1149	9.7
1150	10
1151	0.9
1152	1.8
1153	1.1
1154	1.2
1155	1.2
1156	3.3
1157	1.1
1158	1.3
1159	1.7
1160	1.1
1161	1.1
1162	2.1
1163	1.8
