ID	RT
6	1,5288
7	3,179
5	4,8072
16	1,2644
17	1,1813
19	1,4753
21	1,2309
23	1,0686
24	1,2536
25	1,0677
29	6,6962
33	1,2511
36	1,0588
37	1,2596
38	1,2763
44	5,1045
45	8,2214
50	1,0581
53	1,2564
54	1,3589
55	3,6851
56	5,3779
58	3,7711
67	1,1008
68	1,2613
69	1,4788
70	6,3572
81	1,8986
87	1,2253
90	1,0891
95	1,962
96	3,8967
97	5,9701
102	3,6068
103	5,2302
110	1,2481
120	1,0915
124	1,0913
125	1,0895
128	5,7724
132	1,1755
131	3,1685
136	8,2214
140	4,3813
139	5,1038
146	1,9638
148	1,0904
152	6,6963
155	1,0897
156	3,9372
161	1,1847
159	1,2601
166	1,5098
165	1,8848
163	3,6091
160	4,971
162	5,6761
164	7,2978
173	2,3167
170	2,606
171	4,1481
168	4,3316
167	5,0902
172	5,3416
169	6,2091
176	4,4249
181	5,5893
185	3,7392
190	6,6467
201	3,0177
209	1,2634
213	4,8062
214	1,5266
215	1,129
216	1,6893
230	1,2634
235	1,2617
236	1,4316
237	1,2216
240	5,946
241	1,2487
242	1,2358
248	3,7484
250	2,5969
251	7,1615
253	4,4157
254	6,3583
263	1,0831
267	6,3581
269	3,7675
268	6,1621
270	7,1626
282	1,2673
281	1,471
284	1,1097
287	11,2872
291	4,9865
290	6,3584
293	1,1782
295	1,0892
296	3,6888
297	1,1677
299	2,9041
300	1,141
301	1,8939
307	1,0717
313	9,2874
318	1,2665
326	1,4148
327	1,605
325	4,255
331	5,6949
332	1,0981
333	8,4755
343	1,1914
348	1,3831
347	3,5803
350	4,3995
355	2,1044
360	3,672
364	6,5034
368	3,9171
373	1,1025
372	1,263
371	4,2822
374	7,2566
375	5,0248
379	1,6651
382	1,4614
385	1,4163
388	4,2509
389	1,2758
391	2,2086
394	2,1354
398	1,1915
404	1,2121
406	1,0541
412	9,913
418	1,1827
416	3,5397
417	4,9518
425	1,7212
432	3,1776
434	3,6731
437	4,2757
426	4,3891
427	4,6998
424	5,1227
429	5,3751
436	5,7656
428	5,8814
423	5,9747
422	6,1759
430	6,5965
431	6,8155
433	7,1174
435	8,3184
445	3,813
446	4,0749
444	6,3729
453	1,2611
454	2,0171
455	2,121
458	5,214
462	1,2566
464	3,699
465	1,2765
467	1,876
475	4,7425
478	1,1119
477	10,1164
481	4,8228
483	1,5158
484	2,1086
485	1,2205
486	5,0195
495	5,9704
496	6,1752
500	1,2642
506	1,2615
510	4,7395
513	1,8134
514	6,6964
518	6,696
521	1,176
522	3,1674
527	3,7902
529	3,8505
534	1,4289
535	1,2625
538	2,9854
539	3,5241
541	1,0605
546	1,2665
556	3,6005
555	4,4358
558	4,8135
557	5,3336
554	6,3572
561	1,5238
563	4,6454
564	5,9072
562	6,1652
566	2,5975
571	5,5051
577	1,0764
585	4,7495
588	1,0969
595	6,1632
598	2,5964
597	6,3578
602	4,4155
604	5,2566
606	8,8639
608	1,4735
610	1,5239
611	1,0794
614	4,6811
616	6,3558
618	1,1649
623	2,3321
628	1,5253
627	5,1004
630	8,221
634	1,088
638	4,9862
640	5,2567
642	6,1652
645	1,2324
648	1,1123
649	1,5611
653	1,1768
658	1,259
660	1,4808
661	1,8618
665	1,1256
666	5,0224
676	3,0011
684	1,1573
688	1,8818
690	1,1142
693	1,1933
696	1,1017
697	1,6695
700	3,172
702	1,1827
704	1,6704
707	1,1163
709	1,2341
712	1,1707
716	3,703
715	4,5738
718	1,0604
721	1,2612
730	3,689
729	4,8056
731	1,535
732	8,7827
735	1,1647
736	2,0891
741	3,1714
744	1,1408
748	1,2566
751	6,2254
762	4,8072
764	1,5448
768	1,2529
772	1,2636
775	5,3396
791	2,1063
795	5,3349
797	1,0697
798	1,5309
803	5,7765
805	2,5937
808	4,4157
810	7,161
825	4,1396
828	4,214
829	1,2715
836	2,5944
839	1,0583
840	1,2045
841	1,0517
845	1,2611
848	3,6811
852	1,2532
857	3,7475
856	7,1595
862	4,595
863	4,8085
867	6,3589
870	6,1602
874	3,817
873	5,2588
878	1,0527
884	2,3991
885	3,4146
887	5,6109
893	7,1586
894	6,358
902	7,4237
905	6,3584
907	2,5976
906	6,161
909	3,79
913	1,1676
917	5,6831
920	5,2569
919	6,1649
918	6,3576
928	3,4399
933	1,1407
934	1,2263
938	6,3601
942	6,1607
945	6,36
948	5,2635
949	5,6781
952	1,5695
953	1,2581
954	1,4035
960	1,2582
966	7,2611
973	1,2567
974	3,7744
977	3,6844
979	1,3593
981	5,3781
982	4,385
991	4,5392
992	1,8935
993	1,149
997	1,2262
1001	1,0695
1005	1,2553
1008	1,183
1011	1,2651
1012	1,1279
1013	1,5645
1015	1,114
1017	2,7349
1018	2,1101
1019	3,0905
1024	1,2183
1026	3,3643
1035	1,1763
1036	1,2521
1038	1,4207
1039	1,675
1040	1,1316
1044	8,222
1047	5,773
1050	5,1049
1051	1,9089
1053	4,3836
1055	2,3327
1056	8,9281
1060	1,1067
1080	3,0109
1088	4,5245
1090	4,6402
1089	4,9074
1094	3,3272
1111	1,2308
1112	1,2594
1118	5,3351
1121	1,1186
1122	1,5814
1124	1,7274
1125	1,1574
1128	2,2578
1129	5,0089
1146	1,4763
1147	3,7048
1149	1,2646
1150	3,2005
1152	1,1339
1153	2,1198
1156	4,8104
1158	4,618
1161	5,031
1162	6,355
1170	4,7385
1176	4,9632
1188	3,6979
1189	4,2849
1190	1,4294
1191	1,263
1195	1,0905
1196	5,7071
1198	6,5265
1201	4,0817
1200	5,3439
1205	1,5303
1211	3,8894
1218	1,09
1220	1,0901
1224	1,087
1226	1,092
1227	1,0925
1228	1,0903
1229	1,095
1230	1,0881
1231	1,0888
1232	1,0927
1233	1,0858
1234	1,0892
1235	1,0909
1236	1,0914
1237	1,0939
1238	1,0877
1239	1,0954
1240	1,0886
1241	1,0878
1242	1,106
1243	1,0945
1244	1,0863
1245	1,0953
1246	1,0909
1247	1,0903
1248	1,0927
1249	1,0889
1250	1,0911
1251	1,0901
1254	1,0866
1257	3,1682
1262	1,095
1263	1,0869
1264	1,1683
1267	3,7924
1271	4,8378
1272	4,9495
1276	3,586
1278	1,0855
1283	3,1677
1289	1,2546
1301	7,4628
1302	6,166
1306	1,0919
1308	1,0897
1309	1,0949
1310	1,0882
1312	1,0908
1313	1,091
1314	1,092
1315	1,0893
1316	1,0903
1317	1,0876
1318	1,0922
1321	1,0905
1323	1,0924
1324	1,0933
1325	1,0895
1327	1,0922
1329	1,09
1331	1,0884
1332	1,0928
1334	1,0894
1335	1,0917
1336	1,0928
1337	1,0891
1338	1,0888
1342	2,4818
1343	1,0895
1346	3,7915
1350	4,0216
1355	5,623
1360	5,0847
1375	1,067
1382	1,1855
1387	1,092
1388	1,091
1392	1,0905
1399	3,9999
1400	1,5252
1401	1,2583
1409	4,4454
1412	4,6348
1413	5,9029
1415	3,6037
1416	6,1855
1417	4,8711
1419	10,7882
1422	7,1794
1425	5,6348
1446	5,2567
1451	1,0675
1453	5,6232
1458	5,3351
1465	1,5243
1466	4,4428
1470	1,0647
1472	1,2646
1479	2,5926
1482	2,1365
1483	2,227
1484	2,3968
1485	4,3951
1487	4,1458
1492	7,2985
1494	4,5761
1495	5,3018
1496	6,0105
1502	4,2346
1500	5,1176
1501	5,5002
1503	5,6588
1498	5,7759
1499	6,2373
1504	6,8722
1509	6,4217
1508	6,6241
1510	7,9316
1512	3,9205
1525	4,3042
1524	4,7501
1528	5,5053
1531	4,4157
1534	6,1586
1535	6,3604
1555	1,2602
1560	2,5942
1564	6,238
1571	4,5617
1572	5,7624
1576	5,8711
1579	5,2585
1582	7,2563
1581	8,8647
1585	6,1595
1584	6,358
1590	5,7962
1592	4,4155
1593	6,3614
1596	7,1557
1599	3,7465
1602	6,357
1605	1,1921
1610	3,1877
1614	4,5383
1617	1,5225
1620	4,1248
1618	4,9013
1616	5,1739
1619	10,7873
1621	4,4082
1624	8,2224
1629	1,2649
1632	1,0554
1635	5,2548
1644	7,1559
1647	11,2854
1649	6,3605
1652	5,0788
1654	1,1313
1657	1,2451
1658	1,5318
1660	5,1664
1661	4,5375
1670	4,2114
1671	1,0566
1677	1,4756
1679	4,2556
1681	4,6776
1680	5,2059
1684	1,2026
1688	6,3605
1696	7,2241
1699	5,3516
1702	1,1729
1703	3,8884
1709	1,1606
1710	4,5721
1711	3,9765
1713	5,6436
1720	3,1656
1722	1,688
1732	1,1239
1734	3,1684
1739	1,9724
1740	1,6757
1742	1,2433
1743	2,3919
1745	7,4647
1750	5,7693
1754	4,9887
1756	1,1345
1762	8,3485
1763	1,1692
1766	1,6498
1769	3,5739
1770	2,8324
1780	1,1226
1781	1,2607
1786	3,6497
1789	2,9093
1793	1,1754
1794	1,2652
1802	1,69
1803	1,3564
1804	1,1739
1805	1,2555
1806	3,6848
1808	3,7566
1814	1,8936
1815	6,4996
1817	4,8077
1819	1,2005
1828	1,0763
1833	8,476
1841	6,3599
1849	4,2776
1852	3,5666
1850	4,3971
1851	5,0942
1854	2,0905
1855	3,6618
1853	4,6853
1861	1,259
1863	1,1768
1864	4,977
1866	1,5426
1867	2,821
1877	5,0611
1881	1,2673
1882	1,415
1883	9,2862
1885	8,4756
1886	11,0488
1887	1,087
1889	4,2479
1892	2,0932
1891	9,8088
1893	3,6139
1895	1,6016
1906	1,549
1907	4,4036
1908	4,7783
1909	5,6256
1912	5,7743
1913	1,8743
1914	5,3428
1915	7,4522
1917	5,0673
1927	1,1905
1930	1,5679
1934	1,0957
1935	4,2619
1940	3,6755
1946	6,6963
1948	6,5042
1953	5,0586
1988	3,1743
1996	1,2573
1998	1,3619
2000	3,9164
2001	7,2567
2004	4,28
2011	2,5963
2015	1,3814
2016	1,2631
2020	5,6222
2025	4,3869
2029	1,8995
2030	5,0655
2035	3,8977
2038	6,3561
2039	6,1559
2041	8,8624
2045	1,1902
2050	6,6965
2092	5,1024
2094	5,6018
2095	1,8712
2102	1,0531
2106	5,6124
2110	5,101
2115	5,3051
2116	6,3582
2118	7,2045
2119	6,1675
2120	5,7278
2121	5,979
2125	7,4594
2127	1,7165
2129	3,5102
2128	4,1907
2142	5,1769
2147	1,2224
2149	1,1824
2151	6,696
2167	1,2642
2168	1,6971
2169	1,4589
2170	5,0272
2172	3,494
2173	1,1162
2175	2,1199
2176	5,8018
2182	1,427
2181	4,6837
2184	1,2358
2193	4,5701
2194	4,8019
2198	3,923
2203	4,7403
2211	4,2356
2212	5,6767
2215	5,2667
2216	7,168
2217	6,3734
2220	6,8811
2221	6,6977
2223	8,7332
2230	1,7194
2236	6,0552
2237	5,3013
2242	1,2657
2247	4,3381
2253	1,0625
2257	6,7007
2258	6,8816
2260	1,1703
2261	1,5613
2262	1,2618
2263	2,2037
2269	3,7918
2273	6,3589
2274	6,711
2276	3,5938
2277	6,2042
2278	7,1774
2280	4,9539
2291	3,3422
2295	1,1046
2302	4,3293
2301	6,1641
2303	6,3598
2307	8,3478
2313	5,6802
2316	11,5037
2320	5,2564
2322	5,1939
2321	9,5815
2324	1,2572
2325	1,4051
2327	1,1801
2328	3,4407
2332	3,789
2333	1,1707
2334	1,5181
2335	3,993
2339	2,1056
2340	1,8643
2341	3,7441
2342	1,2569
2344	3,4553
2345	5,6975
2346	1,7007
2348	3,6184
2353	4,1396
2360	4,8001
2359	4,9412
2358	10,7882
2362	4,4164
2363	6,1072
2367	3,8743
2364	5,3481
2365	5,4102
2366	6,9069
2368	8,224
2371	5,9075
2370	6,6377
2378	1,6754
2391	2,8242
2390	6,5936
2398	1,2612
2402	4,0114
2409	2,8947
2408	3,6009
2410	4,8094
2412	1,5322
2413	5,806
2415	4,1419
2416	4,3794
2426	2,1062
2427	1,2003
2430	1,488
2432	1,1333
2438	4,3286
2437	5,6961
2441	6,8814
2443	6,6966
2445	6,2356
2444	8,7332
2460	1,0802
2463	4,2635
2465	3,306
2466	2,4085
2467	1,5363
2469	3,6073
2473	5,506
2485	3,1738
2493	1,2559
2494	3,7737
2495	5,6686
2497	1,359
2498	4,3853
2502	5,3784
2512	4,2923
2515	1,1603
2516	4,1149
2517	4,9028
2518	4,5362
2519	5,1666
2522	3,3332
2526	1,0831
2532	4,7399
2539	3,7779
2542	1,2561
2544	1,1713
2547	4,5369
2551	5,1675
2552	1,083
2553	4,0716
2560	4,2718
2561	1,3423
2567	2,5484
2570	1,1927
2571	3,177
2574	4,5206
2576	8,2208
2577	8,9257
2578	5,1045
2580	3,6302
2582	3,9495
2583	1,0559
2587	6,3652
2590	4,9896
2597	1,2627
2608	4,8126
2613	1,2557
2614	1,5648
2617	8,2248
2620	5,1024
2623	5,6031
2626	4,1345
2627	3,7067
2628	1,2618
2630	1,1741
2631	1,7066
2638	6,0263
2648	4,741
2653	3,0966
2656	1,5993
2658	1,1685
2660	7,4632
2667	5,0674
2668	5,3405
2671	4,6947
2673	4,1281
2676	1,0567
2677	1,1706
2680	3,1304
2682	5,9439
2687	1,5115
2686	5,1134
2688	5,2092
2690	4,1672
2691	5,6912
2694	6,1782
2698	1,2639
2707	4,8997
2714	4,2858
2718	2,2208
2719	1,43
2720	1,9509
2721	1,2612
2722	4,4895
2725	1,8937
2727	1,1001
2731	4,4906
2735	4,0224
2739	5,066
2741	6,6371
2738	7,4621
2742	5,341
2744	4,8195
2747	5,6284
2759	1,6871
2760	1,961
2762	6,3475
2763	1,1188
2764	2,0927
2767	1,2275
2770	8,6854
2772	5,0261
2784	1,6744
2789	3,2109
2792	3,1666
2798	3,5888
2799	3,7919
2801	4,8347
2804	6,359
2805	6,6973
2806	4,9924
2809	3,9957
2814	4,2897
2818	3,1695
2820	1,1102
2821	1,258
2822	1,6675
2832	3,7159
2833	3,6
2841	5,0656
2844	7,4622
2850	5,7712
2855	5,2639
2858	1,1439
2862	1,966
2867	1,1374
2872	4,8358
2873	3,7902
2877	1,134
2879	4,024
2889	1,6451
2887	2,8166
2886	3,5725
2888	5,6224
2891	1,7844
2895	5,0667
2896	6,8669
2900	4,2354
2902	5,3414
2903	3,7829
2906	5,5391
2911	1,064
2912	3,7053
2914	1,219
2926	1,101
2928	2,9073
2929	3,9159
2930	1,2382
2942	1,2621
2946	3,8279
2945	4,4542
2950	5,902
2952	4,6375
2953	10,7885
2955	6,1824
2956	4,2555
2958	4,8914
2959	1,5244
2961	3,99
2960	5,1698
2963	5,4016
2968	4,7509
2969	5,6485
2974	2,5528
2979	4,0235
2981	3,5762
2985	2,8215
2988	4,8082
2989	5,6367
2993	1,0721
2995	1,1609
2996	1,6411
2999	1,2621
3001	2,1034
3004	8,4764
3008	5,2605
3010	4,3334
3011	6,1741
3012	6,363
3014	1,0575
3022	3,5799
3023	1,2606
3024	4,3977
3025	3,6706
3027	1,1531
3033	5,2572
3041	7,183
3043	3,5688
3045	1,2592
3049	4,4517
3050	5,9027
3053	4,8929
3055	4,6374
3056	1,1642
3057	1,5476
3060	2,73
3062	3,828
3065	1,0793
3067	9,2815
3075	1,2597
3078	4,7583
3082	5,7786
3088	4,7949
3089	2,1083
3107	7,928
3108	4,7494
3110	6,4986
3111	1,5476
3112	1,2466
3113	4,4567
3117	2,5963
3120	4,8325
3123	4,4184
3124	5,0399
3126	5,3367
3132	5,2601
3133	6,3543
3135	8,8628
3137	6,1559
3138	4,6963
3140	5,1885
3143	8,676
3144	8,3492
3154	4,748
3157	3,5768
3158	1,2322
3163	4,0338
3164	5,1067
3165	4,126
3169	4,3792
3171	5,5066
3174	1,1311
3175	4,3677
3179	5,256
3181	6,157
3182	8,8678
3183	6,3574
3191	4,5378
3192	5,1675
3197	3,5979
3198	5,5063
3199	7,0002
3204	4,4124
3205	6,2182
3206	5,8069
3214	6,3571
3220	5,2551
3223	1,2128
3227	1,453
3226	1,5636
3229	2,2158
3230	2,3166
3231	2,1442
3233	1,2623
3234	1,1638
3235	1,8804
3237	4,1385
3239	4,9013
3251	7,1229
3255	6,5011
3258	5,351
3262	1,2571
3263	1,4058
3264	1,9094
3270	6,3571
3274	6,1574
3277	4,757
3278	1,5519
3282	4,8142
3284	1,1108
3285	1,2207
3292	5,6725
3293	7,2242
3294	8,3554
3296	6,7358
3297	11,5037
3306	3,1739
3310	1,4085
3311	1,2594
3315	1,1799
3317	2,7356
3325	5,3392
3326	5,065
3328	3,984
3335	1,1726
3349	4,4969
3350	4,1778
3351	3,1589
3353	1,2576
3359	6,0291
3361	4,9805
3362	11,0287
3367	6,9376
3373	2,1138
3378	8,2169
3380	1,4386
3381	1,266
3386	8,2173
3390	7,2619
3395	1,1989
3397	3,6752
3403	1,172
3414	1,5602
3416	4,8049
3422	3,6732
3428	1,174
3429	1,2509
3430	3,7719
3434	1,1473
3438	3,7038
3439	6,3534
3442	1,0723
3446	1,869
3448	1,5549
3455	5,0909
3456	1,2624
3457	2,0981
3459	5,6626
3461	4,0469
3467	4,3356
3484	4,6439
3485	2,5897
3489	3,5154
3488	5,9091
3487	6,1698
3493	1,2657
3500	4,3921
3504	1,1738
3507	3,699
3508	1,0497
3509	1,2244
3512	1,8685
3515	1,5533
3521	4,8055
3524	5,1793
3527	2,112
3530	1,1082
3531	2,7331
3535	4,2596
3538	1,7995
3540	5,6976
3548	1,2622
3554	4,8008
3558	5,0666
3560	5,3399
3562	6,267
3561	7,5672
3564	7,823
3576	2,1115
3581	5,917
3580	6,1691
3583	11,5583
3589	4,7417
3591	1,5615
3598	4,3861
3600	3,0959
3604	2,5561
3613	5,3726
3619	6,9344
3624	3,9156
3626	4,3737
3628	1,5726
3631	4,6275
3632	5,267
3637	6,359
3638	1,1097
3640	6,1571
3641	8,8646
3647	4,2574
3653	4,0216
3652	5,4888
3654	6,6207
3656	4,6887
3660	5,3413
3662	7,5651
3663	5,2113
3665	5,0638
3667	4,9586
3671	5,603
3672	1,2633
3674	1,5271
3676	4,0965
3683	4,3329
3688	3,952
3692	4,4785
3694	1,1807
3698	5,1021
3699	5,6145
3714	2,1017
3716	6,3606
3717	1,1585
3722	3,6806
3727	8,4768
3731	7,5142
3732	9,9146
3735	6,3409
3736	8,2303
3740	5,0852
3739	5,1902
3753	1,5738
3756	1,4639
3761	5,8064
3762	4,5848
3765	4,1416
3773	5,6152
3778	5,1051
3782	1,2608
3783	4,7814
3786	3,8451
3793	4,3303
3794	6,2388
3796	5,7119
3803	5,2569
3808	5,1872
3813	4,9206
3814	1,237
3820	4,2868
3823	6,2372
3825	1,432
3827	1,262
3833	4,4136
3847	7,4621
3848	5,5053
3853	1,0607
3855	1,2604
3859	1,6441
3860	8,9294
3861	3,7931
3871	3,5923
3872	4,9535
3874	6,7033
3876	4,6491
3877	4,7763
3878	4,5346
3880	4,0612
3883	3,981
3885	1,5267
3886	2,3345
3895	4,2873
3896	1,265
3897	3,1637
3899	1,4527
3900	1,0975
3901	1,6414
3910	5,1886
3913	5,2187
3919	5,8053
3921	7,0014
3922	8,6079
3923	6,1646
3924	8,3472
3927	2,1082
3931	7,4626
3936	6,2695
3937	6,0555
3938	5,4207
3940	5,7275
3939	7,2567
3943	4,9962
3944	5,2563
3946	7,1782
3949	1,063
3953	2,491
3955	1,1774
3958	3,59
3960	4,9528
3961	6,7092
3962	3,7911
3968	1,2621
3976	2,2158
3981	7,1569
3984	2,7422
3990	3,7915
3994	4,3865
3996	4,5352
3998	1,5212
4000	5,1657
4001	10,7885
4003	8,223
4004	4,6273
4005	4,9084
4006	1,2619
4007	5,3261
4011	5,9036
4020	1,0816
4027	4,337
4029	4,8076
4030	6,5915
4031	6,2264
4035	7,1563
4043	5,2561
4051	4,5317
4052	5,1677
4053	1,5203
4055	1,2383
4056	2,0082
4063	2,5932
4065	3,2212
4064	4,1456
4073	4,6062
4074	6,2344
4076	5,6677
4079	3,911
4078	4,2421
4087	2,0758
4098	5,1951
4102	3,5867
4103	3,6789
4105	4,4488
4108	4,2534
4109	1,2473
4110	2,02
4119	2,595
4126	5,8532
4125	6,3556
4127	6,1565
4128	8,8623
4131	1,1486
4137	3,1786
4143	1,1016
4149	5,0655
4152	5,3398
4158	6,358
4165	4,3945
4167	1,1806
4170	1,2155
4177	6,6695
4178	5,4052
4180	4,5354
4182	5,1728
4183	4,7029
4190	3,1797
4197	5,3419
4199	8,225
4200	5,0704
4201	4,6325
4203	4,9805
4204	4,4201
4207	2,337
4208	3,947
4210	1,2549
4213	5,161
4218	4,4009
4219	6,6974
4220	4,214
4221	6,286
4223	5,9684
4236	1,1843
4239	1,2208
4241	1,5608
4244	5,3646
4246	4,6414
4247	5,627
4249	4,8767
4250	5,4544
4252	3,7451
4254	3,1675
4255	1,2746
4256	4,1384
4259	1,7188
4265	5,0666
4267	5,3437
4272	4,2131
4273	3,1084
4278	1,5279
4280	4,6261
4286	1,4581
4289	1,2625
4291	1,0976
4293	1,7175
4301	3,6186
4304	1,5039
4305	5,6888
4307	4,1751
4306	5,9277
4308	1,2648
4309	6,1769
4311	4,406
4314	5,1894
4315	3,1352
4327	3,6043
4326	5,6731
4328	2,6035
4334	4,6772
4333	6,2087
4336	1,8882
4337	5,5862
4347	4,2861
4351	1,1774
4353	1,4777
4368	6,9364
4370	1,1632
4382	1,5558
4387	3,1712
4388	1,1838
4393	1,0748
4398	4,3682
4400	4,2921
4403	1,2105
4413	4,6388
4414	1,1806
4415	4,1702
4419	4,2686
4427	5,262
4437	2,9538
4439	3,3243
4442	1,4958
4445	5,9461
4448	4,7439
4449	5,5348
4447	6,0948
4451	3,6189
4450	5,834
4455	1,2643
4457	4,513
4456	6,4289
4460	3,8438
4459	5,3509
4465	5,016
4467	4,338
4468	4,6174
4471	5,1989
4472	6,5548
4473	8,3468
4477	7,2234
4483	4,8186
4493	2,1125
4497	1,268
4498	5,0316
4499	1,1331
4501	6,6364
4506	5,2615
4507	1,1738
4509	3,7047
4510	1,6621
4511	1,2657
4513	3,6175
4521	1,0461
4524	3,1771
4535	2,1184
4537	6,0875
4554	3,6853
4557	4,7428
4562	1,1785
4564	1,2528
4570	4,7979
4571	1,6997
4575	1,2597
4576	4,7454
4580	3,6834
4582	3,584
4583	4,3292
4594	1,5509
4595	1,8699
4599	6,6701
4600	6,0492
4606	5,1827
4608	6,4458
4610	5,0635
4616	4,3308
4621	1,6774
4624	1,1215
4625	1,2384
4632	4,6054
4635	5,1961
4639	6,0905
4641	3,7972
4645	4,3871
4647	4,7529
4651	1,8758
4659	1,5946
4662	5,7001
4663	4,8217
4667	1,1127
4671	5,8201
4674	6,8103
4677	1,2628
4679	1,0438
4681	1,153
4683	6,3629
4684	2,0382
4687	4,8335
4689	6,6203
4690	5,01
4692	5,1959
4696	3,7185
4697	4,7506
4699	4,3802
4709	6,3565
4710	6,1562
4713	5,7936
4712	7,0015
4714	8,8625
4715	8,682
4721	1,1108
4722	6,6371
4723	3,9974
4724	5,106
4729	3,9468
4735	4,8349
4738	5,0146
4746	5,1033
4748	5,6021
4752	4,1417
4756	6,3578
4758	6,1615
4759	7,0003
4762	3,6814
4765	6,8158
4766	4,8891
4769	4,5566
4771	1,1336
4774	1,2619
4775	1,4492
4785	3,7961
4790	5,2553
4795	1,3365
4797	1,4924
4798	1,2648
4805	3,4917
4810	5,3326
4814	4,3938
4820	6,9328
4822	4,5188
4831	4,2539
4832	6,1551
4839	5,3097
4845	5,0035
4850	5,4239
4851	7,2586
4853	10,7225
4855	1,681
4862	1,9385
4865	3,1735
4870	1,1833
4875	1,2616
4877	1,5201
4878	10,7871
4881	2,1127
4882	3,3185
4886	1,1628
4885	4,0717
4887	3,8118
4890	8,2244
4897	1,8937
4905	1,1528
4907	1,2638
4909	1,5224
4910	10,7858
4911	1,0799
4915	4,3848
4920	5,0728
4921	5,3478
4928	4,8074
4950	2,0789
4961	1,0788
4969	1,1991
4971	2,9889
4972	5,4012
4976	4,4472
4983	6,2948
4984	7,4273
5001	4,8028
5004	3,1754
5011	3,7759
5014	1,0857
5019	4,2854
5022	4,7485
5025	1,2213
5029	4,3876
5034	5,3437
5040	7,036
5041	5,0705
5052	4,6738
5055	3,5351
5058	2,0957
5064	2,5911
5063	5,8875
5062	6,1674
5066	5,9635
5069	6,5184
5071	1,2637
5081	4,6818
5083	5,0715
5088	3,5765
5089	5,6201
5090	7,0698
5093	2,1268
5094	3,1779
5092	6,3805
5097	5,3994
5095	6,2084
5096	6,631
5102	3,8078
5106	2,2228
5113	4,7439
5116	1,266
5117	5,3026
5119	1,1699
5125	3,7866
5126	4,8776
5130	1,0974
5132	1,6644
5133	1,2644
5135	3,8085
5137	4,7387
5138	6,8955
5149	1,2451
5151	1,5444
5157	4,802
5158	7,3002
5159	4,9908
5160	1,9571
5171	5,9693
5172	6,1684
5174	6,6412
5193	4,7412
5195	4,404
5198	3,097
5199	2,6016
5201	1,1979
5204	1,2039
5205	5,6298
5208	3,9774
5210	4,6274
5219	2,0856
5222	5,1737
5224	1,2614
5225	3,8893
5226	4,1687
5227	4,5702
5228	1,5133
5230	3,6215
5235	3,7247
5243	8,3466
5244	6,5562
5247	4,3303
5248	5,3423
5250	5,0439
5261	4,6796
5263	3,6199
5266	6,2757
5268	3,0028
5270	5,7618
5273	6,0217
5285	4,2397
5286	5,2666
5287	6,784
5290	4,7441
5298	3,9457
5309	5,0666
5308	5,6246
5310	4,0241
5312	4,6862
5311	4,8889
5313	5,3431
5317	5,8984
5321	3,3838
5326	3,7103
5327	4,1377
5332	1,6953
5333	1,2643
5334	1,1679
5336	7,6643
5343	6,5505
5344	1,2134
5358	3,1731
5376	4,8109
5379	1,8941
5381	1,146
5387	5,0661
5390	5,3427
5392	5,6309
5393	4,0275
5398	1,2631
5401	3,8222
5406	5,2024
5407	4,3318
5409	6,3001
5410	5,817
5411	5,9059
5429	4,571
5430	6,0113
5440	5,0719
5439	5,1749
5441	5,2571
5444	1,0547
5461	4,2865
5480	2,1065
5481	1,1371
5483	1,2194
5485	5,256
5489	1,6964
5497	1,6979
5499	6,0825
5502	4,5005
5503	1,1556
5509	4,2868
5511	1,2127
5514	6,5561
5515	8,6071
5516	6,1602
5521	8,3466
5522	9,2518
5524	5,0162
5528	5,3299
5537	5,4258
5544	6,8278
5545	4,2405
5548	3,834
5553	5,7689
5558	5,5836
5561	5,2914
5560	6,882
5564	4,5664
5563	6,7012
5562	7,223
5565	7,042
5566	5,6699
5569	7,464
5576	1,1431
5577	1,4715
5582	4,285
5583	1,2336
5587	6,1624
5592	4,4775
5594	5,5075
5596	5,3363
5604	5,6703
5607	7,2232
5611	6,0837
5621	1,2525
5622	1,1673
5625	4,8092
5626	5,8542
5627	7,9054
5628	4,7865
5630	1,1846
5631	5,5062
5636	4,4037
5638	5,3435
5642	5,126
5645	4,5602
5664	7,0618
5666	7,9344
5668	5,7758
5669	6,8921
5677	1,1695
5679	2,8133
5680	2,6289
5682	3,6391
5687	6,4993
5689	5,7755
5704	1,942
5706	4,7497
5707	6,3555
5711	6,156
5713	8,8622
5714	5,2092
5715	5,5302
5718	8,6795
5721	7,9284
5724	1,2606
5746	2,612
5754	4,379
5759	1,2341
5766	5,0701
5767	5,3408
5777	6,1565
5779	6,3551
5780	8,863
5782	4,2922
5790	4,5867
5796	6,3495
5804	5,3389
5805	5,2447
5816	3,6297
5819	5,9717
5828	1,2242
5839	4,2925
5848	4,8095
5856	1,5728
5857	3,5869
5866	4,2535
5877	7,3817
5881	7,0376
5882	8,8657
5884	6,8678
5886	1,974
5897	4,3923
5898	4,2666
5899	3,9154
5906	5,6758
5907	8,2054
5909	3,5828
5908	8,4744
5919	1,1412
5926	4,3364
5934	1,8837
5935	5,5925
5938	6,2085
5941	4,6736
5943	3,6041
5945	2,602
5948	5,6763
5961	4,6792
5962	3,8371
5964	5,8597
5966	6,8112
5968	4,081
5969	4,2836
5967	4,3754
5970	7,3439
5979	7,1253
5982	7,0397
5988	5,9422
5989	4,1669
5993	3,9646
5994	5,6764
5997	3,8191
5998	1,2651
6000	3,9862
6001	1,1708
6003	7,8975
6004	1,699
6005	8,9018
6011	6,657
6013	6,8887
6014	1,1569
6015	1,2541
6018	6,0442
6021	4,6904
6022	5,8118
6023	2,1274
6038	4,8195
6046	1,895
6054	3,1741
6061	4,3908
6067	2,1193
6068	1,1321
6070	1,4314
6075	4,2303
6076	1,1685
6080	5,2015
6093	1,4981
6097	2,6387
6096	5,5453
6098	6,2394
6102	1,2634
6103	3,5867
6105	2,7343
6104	4,5002
6111	5,0105
6113	5,3458
6114	5,9934
6117	7,6175
6119	5,1712
6120	3,9904
6122	5,827
6128	6,5563
6130	4,33
6131	8,347
6142	1,3537
6150	2,1117
6164	1,1952
6165	4,651
6168	2,984
6169	3,5184
6173	5,2718
6172	5,3863
6175	4,8172
6190	8,347
6191	6,5598
6196	1,0487
6203	4,2923
6205	3,6914
6210	1,5828
6216	2,1288
6224	4,7339
6226	1,0476
6229	3,6772
6230	4,6793
6232	4,2286
6237	1,5571
6238	1,8702
6239	5,3867
6242	6,0538
6243	5,6422
6244	4,7486
6246	4,8117
6249	4,4991
6255	3,3665
6260	3,6139
6264	4,3307
6265	5,8996
6268	6,22
6276	6,1718
6279	3,4919
6280	5,9746
6285	2,0091
6291	6,5564
6302	9,5817
6306	1,174
6309	1,5426
6310	1,8706
6313	1,0742
6320	5,215
6324	4,3324
6327	2,1113
6329	6,4142
6332	5,7001
6333	1,2601
6345	4,0176
6352	4,7474
6358	3,0927
6359	3,1738
6366	4,9024
6371	1,5124
6374	1,0683
6388	4,026
6390	2,1017
6393	6,6347
6394	1,6821
6404	4,2046
6405	6,5562
6408	8,3471
6419	3,9477
6421	4,0073
6425	3,3866
6430	5,6242
6434	5,2415
6435	4,8518
6438	4,0687
6437	5,9017
6441	1,0735
6445	1,2044
6446	2,3311
6448	3,9508
6450	11,2826
6451	7,9118
6453	4,5374
6459	5,6254
6462	1,2621
6465	1,456
6470	5,8107
6482	3,9149
6483	6,5474
6485	5,4041
6486	5,9229
6491	6,391
6494	5,7166
6496	5,2564
6498	5,1857
6499	6,0168
6500	1,2584
6505	5,8071
6507	5,5573
6509	3,771
6512	5,6266
6514	5,2611
6518	1,0998
6521	5,2553
6522	5,1841
6525	1,258
6527	1,257
6533	4,5017
6534	5,5099
6538	1,1627
6541	5,8077
6544	8,225
6546	6,1645
6549	2,0459
6555	2,8393
6556	1,2598
6560	7,2604
6563	6,2646
6565	5,0028
6566	4,6941
6567	5,423
6571	1,2616
6584	5,2962
6583	7,2228
6586	6,8686
6589	5,6714
6588	6,7125
6590	4,5547
6596	4,9682
6602	4,3853
6606	1,1777
6609	1,2369
6611	5,9971
6612	4,6867
6624	2,5367
6623	4,4134
6628	6,8532
6640	7,2235
6643	1,6724
6649	1,2212
6652	1,1442
6654	7,181
6660	5,1295
6661	4,5443
6665	6,5609
6669	4,3297
6683	9,4105
6687	3,6141
6689	5,9802
6697	10,121
6707	3,1031
6711	1,3478
6712	8,5945
6714	2,1122
6719	3,2189
6725	6,1155
6727	1,1342
6728	6,0113
6733	5,1151
6735	1,1685
6739	5,1578
6743	5,7759
6744	6,3427
6750	5,1046
6751	3,706
6764	6,3559
6765	8,8633
6767	6,1537
6769	5,2106
6775	1,0622
6776	6,0602
6778	1,2587
6779	1,1588
6780	1,3927
6787	9,3692
6788	5,8368
6790	7,2022
6791	7,5128
6795	9,7924
6797	7,7397
6804	2,2178
6805	7,0675
6809	3,5794
6810	5,3926
6813	5,6127
6814	5,0715
6816	2,1281
6817	4,6881
6820	3,1762
6819	3,7986
6821	3,9101
6818	6,3816
6823	6,2094
6822	6,634
6834	5,6318
6836	3,941
6847	5,0642
6849	5,3391
6852	6,3563
6857	1,5553
6859	5,8534
6860	4,9896
6861	3,8503
6862	7,2992
6864	4,0871
6866	1,2504
6870	7,9209
6871	8,4982
6876	5,0682
6881	6,6373
6892	1,3548
6893	1,2505
6896	4,3801
6900	1,2087
6904	1,1473
6910	5,3405
6911	5,0681
6918	5,166
6930	4,4073
6931	4,1023
6933	5,007
6934	1,3818
6938	1,2651
6941	4,7667
6948	5,6064
6947	5,7517
6945	6,0281
6946	6,2787
6951	3,5434
6950	3,6706
6952	6,1877
6956	7,4253
6958	6,9311
6960	4,2418
6962	5,2634
6963	6,7849
6968	1,5335
6972	1,0644
6975	1,2243
6978	4,1366
6981	5,0665
6987	3,6624
6988	6,6369
6994	5,163
6998	1,1839
6999	3,7101
7005	1,2523
7006	4,2388
7011	6,0264
7014	5,2612
7020	7,0384
7021	10,305
7022	6,8682
7025	3,1678
7030	5,03
7031	1,4321
7039	4,8221
7043	1,0496
7048	10,1145
7053	4,8064
7057	4,0913
7059	1,1605
7060	4,5023
7063	3,9731
7064	3,576
7071	2,9829
7072	6,6378
7081	6,3854
7082	7,1321
7083	3,9096
7085	7,697
7089	5,7114
7093	4,3343
7094	6,2728
7095	1,1606
7099	4,209
7101	5,3434
7102	6,6994
7103	6,9332
7107	4,4317
7108	4,1337
7112	4,9904
7116	2,3071
7120	7,8926
7127	8,218
7130	1,2502
7131	1,4804
7134	5,9424
7139	3,5731
7141	4,6553
7142	1,1981
7144	6,3846
7152	4,2123
7156	1,2242
7161	3,171
7163	1,472
7171	1,0504
7172	3,9185
7180	5,6185
7190	5,8966
7192	4,608
7193	6,298
7194	5,2016
7196	5,6787
7198	6,8054
7200	5,761
7208	4,2408
7209	7,1096
7210	6,8653
7211	3,8347
7216	3,1416
7218	5,4399
7217	5,9534
7220	1,2264
7222	6,1158
7227	4,0425
7230	6,5559
7229	8,3469
7235	5,3386
7236	4,327
7237	4,8358
7238	3,8111
7240	3,9426
7241	5,5018
7247	4,1394
7248	4,6772
7250	7,3014
7255	9,7886
7257	1,0495
7260	4,6755
7264	4,1839
7272	5,2014
7273	5,9005
7274	4,6071
7275	6,3006
7277	6,8022
7282	2,9838
7283	3,5181
7284	1,1453
7287	1,2159
7291	10,9534
7298	7,3002
7299	1,503
7300	1,2658
7301	1,2121
7305	1,1181
7310	1,0462
7319	1,2654
7325	1,8688
7328	1,5528
7339	4,806
7342	7,0041
7343	2,9907
7345	5,8059
7346	3,5206
7348	4,1674
7350	6,8103
7351	6,5594
7360	1,0596
7361	1,1804
7366	5,5481
7368	5,9384
7369	6,9764
7370	5,6293
7372	4,3886
7371	4,7508
7374	1,8697
7375	1,1089
7382	6,1603
7381	6,3576
7386	1,1301
7388	1,0772
7390	5,9408
7393	6,98
7398	8,8672
7402	5,023
7403	4,3649
7408	4,0438
7407	5,3008
7409	6,5732
7413	3,6201
7426	5,0572
7431	5,233
7434	3,9209
7437	3,6825
7445	5,0612
7448	1,6756
7449	1,277
7451	1,0685
7455	5,2306
7458	1,2628
7459	1,4428
7476	5,2547
7486	1,2436
7488	4,2755
7490	4,3683
7497	4,3858
7501	1,2553
7502	1,154
7503	4,0091
7507	2,8174
7513	5,356
7514	4,2964
7519	1,0469
7520	1,6739
7523	1,5592
7525	1,1959
7527	1,5574
7529	1,1738
7530	1,8712
7531	1,2577
7532	7,5178
7534	3,7593
7535	3,6824
7537	5,5
7540	7,2575
7546	4,7832
7547	1,2642
7550	6,2122
7551	2,8448
7563	10,1169
7582	4,6111
7581	7,3409
7583	4,316
7584	7,5568
7585	3,6741
7586	3,7692
7589	4,0806
7590	4,4131
7591	6,8117
7592	7,1256
7593	7,0374
7597	2,1113
7601	4,748
7602	1,3601
7603	1,261
7604	1,1782
7608	6,21
7609	7,1764
7618	5,5065
7620	10,1168
7630	6,0542
7633	6,6591
7634	6,8914
7639	4,9043
7641	5,2021
7642	2,1282
7644	1,2641
7651	10,6953
7652	9,9504
7654	4,739
7657	2,087
7658	4,3916
7663	1,2382
7678	4,3878
7680	5,1067
7686	1,2203
7687	3,4854
7689	1,1428
7690	5,0274
7694	6,8683
7695	7,1771
7698	6,2087
7700	7,8198
7703	5,577
7705	4,5386
7711	5,1674
7716	3,8808
7723	3,2111
7724	5,3413
7725	6,2487
7727	2,7239
7728	5,9102
7730	3,5991
7731	4,6881
7733	5,6605
7732	8,3463
7734	4,3279
7740	4,9164
7743	6,0682
7747	5,4812
7748	6,5536
7752	6,376
7753	7,619
7754	5,0415
7775	5,6983
7784	6,6979
7786	6,0083
7787	3,5851
7788	4,6118
7789	5,5608
7790	6,4977
7794	6,2296
7795	4,0914
7797	4,4121
7796	5,2267
7798	1,2659
7800	1,8532
7799	3,8918
7801	1,6474
7803	1,4253
7805	10,6942
7818	5,8068
7825	5,6162
7833	7,1773
7834	6,2087
7838	5,1671
7846	4,4296
7847	1,2604
7852	5,3399
7854	4,3301
7857	8,3471
7864	6,5547
7872	1,5706
7873	1,6603
7874	1,4374
7878	6,4953
7881	1,2686
7882	5,2293
7889	1,2672
7890	4,7351
7891	1,4992
7893	1,3537
7894	1,2574
7898	3,9203
7901	4,3871
7904	1,5894
7905	3,1205
7906	1,2178
7907	1,4579
7911	3,8111
7912	6,5009
7915	1,6234
7916	1,5261
7919	2,1255
7920	1,9747
7924	7,1808
7926	1,4721
7928	3,8903
7934	4,2704
7939	5,0639
7941	5,3397
7944	6,2142
7949	6,3606
7954	1,0851
7957	5,8384
7959	7,5074
7965	4,9251
7968	6,0607
7970	7,2092
7980	3,675
7981	8,2998
7982	6,3228
7983	4,3206
7985	3,9698
7994	5,6267
8003	4,7412
8011	6,0689
8019	5,064
8021	5,34
8026	1,5592
8027	1,1319
8028	1,2634
8031	1,086
8034	3,393
8041	4,3201
8043	3,7935
8045	2,1085
8052	1,0509
8054	1,5679
8058	4,7423
8063	1,6762
8065	1,2369
8066	1,0984
8067	1,6239
8070	2,1022
8072	4,2151
8077	6,0568
8078	3,6083
8088	5,0727
8089	7,1833
8094	6,6364
8100	3,5273
8103	3,7789
8105	4,788
8108	4,2339
8110	5,2683
8112	6,784
8113	7,4241
8115	6,9371
8117	6,021
8121	4,6256
8122	5,4664
8123	5,1493
8124	4,8653
8125	7,8207
8128	6,4465
8129	7,9218
8131	3,1693
8135	1,1219
8137	3,3772
8141	5,6431
8142	4,2396
8144	1,0552
8145	1,2473
8151	1,1846
8152	4,2424
8156	5,2644
8167	3,1735
8168	1,4259
8170	1,0496
8175	1,6881
8179	4,8089
8192	6,9112
8199	5,4058
8198	6,1041
8200	5,9414
8201	6,6808
8203	4,1748
8210	6,5406
8217	5,6044
8219	7,706
8221	7,1296
8222	4,3332
8223	6,3822
8224	5,7209
8225	4,9904
8231	5,1158
8232	3,7179
8235	6,1065
8236	3,6161
8243	8,5905
8244	7,8921
8249	1,4694
8252	5,9421
8253	5,3926
8258	6,6814
8260	6,3831
8263	1,1026
8265	1,47
8266	1,0482
8268	1,5479
8270	1,6478
8275	4,3916
8278	4,138
8282	3,9474
8283	4,6929
8287	6,3619
8290	4,4237
8291	5,3533
8293	4,2723
8295	5,9895
8297	4,8265
8300	5,1054
8301	3,8326
8302	4,0366
8304	5,7665
8310	8,577
8312	1,113
8314	8,2232
8316	5,5414
8317	1,2385
8319	6,16
8320	5,7053
8323	3,4157
8327	3,8324
8330	6,357
8334	1,2397
8342	4,4162
8344	1,2561
8349	4,7081
8352	6,5063
8354	4,2933
8362	5,5042
8372	1,5591
8373	1,5646
8381	6,3576
8382	6,1585
8393	6,932
8394	1,1305
8395	4,2413
8397	1,2253
8404	5,3089
8406	4,3829
8408	3,5636
8409	1,2126
8410	1,7991
8414	2,3379
8419	1,2674
8423	1,4342
8422	1,6098
8431	4,8099
8440	6,9352
8442	4,08
8443	2,9966
8444	1,1257
8446	7,5665
8450	8,3494
8456	5,9066
8457	6,2236
8459	6,07
8460	3,35
8462	5,7679
8468	3,5851
8472	2,3367
8477	1,2698
8478	1,6031
8487	4,6701
8490	4,9844
8501	1,2379
8502	1,6707
8504	1,6746
8505	1,2114
8509	1,5783
8515	1,2237
8517	3,6866
8519	3,7568
8521	1,14
8525	5,2212
8526	7,1218
8527	5,6211
8528	5,9402
8531	7,3754
8534	1,6572
8540	3,9808
8543	7,2212
8556	3,6333
8557	4,7903
8559	6,2779
8560	5,193
8561	5,9643
8563	3,714
8565	5,3439
8569	6,0999
8572	5,0757
8574	5,748
8591	5,908
8597	4,1629
8603	2,2786
8609	4,403
8620	3,6936
8622	5,9397
8623	6,9763
8626	1,471
8629	5,2213
8633	1,2657
8639	4,3854
8641	1,124
8642	3,9225
8646	1,1893
8647	4,1865
8657	4,7862
8658	3,622
8669	1,2608
8675	1,4724
8685	1,5823
8692	5,939
8695	1,4381
8696	1,26
8697	1,1705
8698	4,1038
8702	5,4284
8703	6,4453
8704	3,5986
8719	2,1134
8720	8,2178
8724	4,1739
8725	1,1427
8727	4,5471
8728	4,3267
8729	5,3037
8733	3,9424
8734	1,2324
8736	5,0142
8737	3,7756
8744	4,3695
8747	6,9288
8748	5,3415
8750	4,2102
8751	6,6972
8752	3,6771
8753	7,1728
8768	5,3725
8769	6,1927
8771	4,7014
8770	5,0978
8772	4,9671
8773	5,9001
8786	4,8114
8787	5,2354
8792	5,9419
8794	4,1704
8802	1,2624
8804	1,0554
8810	4,2158
8816	4,6877
8818	3,2194
8823	1,2639
8828	3,9006
8829	1,1696
8832	3,6582
8834	3,7548
8835	3,5756
8843	4,2735
8847	4,812
8851	5,0289
8853	1,5657
8856	1,2197
8859	4,8099
8865	2,6079
8867	1,6422
8871	1,9761
8874	4,1753
8878	1,4762
8881	1,2099
8882	3,487
8885	3,9818
8894	6,1555
8896	6,2593
8899	2,1009
8902	5,3497
8905	2,3264
8904	5,1917
8906	5,7533
8911	1,532
8912	5,0119
8914	1,2575
8915	4,0112
8919	5,9205
8922	3,6006
8925	3,7269
8927	6,5542
8928	8,3464
8929	4,3284
8930	6,3085
8935	4,1707
8936	4,6712
8937	1,2546
8941	9,791
8944	7,3016
8945	5,284
8954	6,0326
8972	3,5961
8974	1,4721
8981	8,666
8982	5,6266
8991	1,0675
8996	5,009
9007	8,3464
9008	6,5555
9010	4,3285
9013	7,3004
9014	5,7402
9016	1,6214
9017	1,2614
9020	3,998
9022	1,5002
9023	1,0476
9032	4,9032
9033	4,5311
9040	5,6932
9041	5,1734
9042	6,4435
9043	6,1166
9045	5,3207
9047	6,2355
9051	5,8641
9055	4,1611
9056	6,8167
9064	6,5682
9065	4,3289
9080	1,2446
9081	1,5314
9082	1,0502
9085	6,4443
9095	2,3365
9096	1,0464
9097	4,9466
9100	6,2241
9103	5,4314
9106	2,6047
9111	4,2145
9116	4,6907
9128	4,4789
9131	5,2652
9139	1,478
9140	1,5233
9145	3,3312
9146	3,4112
9154	3,7452
9155	4,2431
9162	1,2614
9167	3,3333
9171	3,403
9176	6,1664
9177	6,3576
9185	6,108
9187	4,1363
9188	4,9359
9189	3,9137
9192	3,6201
9195	2,12
9201	5,6405
9202	6,3867
9206	5,7215
9215	6,5187
9216	4,7518
9219	4,6591
9227	5,0106
9241	6,366
9243	6,3602
9248	6,1044
9251	2,3055
9253	3,3203
9256	6,3873
9258	3,8113
9261	6,5622
9268	3,9987
9271	1,8832
9272	1,1985
9274	5,6804
9275	4,3916
9281	1,0979
9286	3,6075
9294	3,8307
9295	5,3584
9296	4,8256
9297	4,0344
9305	4,3796
9306	3,9461
9311	1,2512
9312	3,9963
9313	1,1616
9314	1,5561
9317	4,6078
9319	3,6999
9320	1,2641
9326	5,9408
9332	4,7059
9338	4,8131
9342	3,1171
9344	1,1509
9347	1,2393
9349	1,1483
9354	4,3865
9355	4,8081
9368	6,7718
9372	6,3453
9374	6,8558
9375	7,7458
9381	3,1711
9393	1,2262
9394	1,0525
9396	1,1314
9398	1,67
9399	1,5699
9402	1,2646
9405	4,8062
9408	5,8134
9421	1,5604
9423	3,6894
9424	1,5653
9426	1,2571
9430	6,4996
9432	5,3488
9433	4,4978
9439	4,8168
9440	5,7856
9444	2,5839
9459	1,125
9460	5,0291
9464	3,6179
9468	4,2369
9474	1,0553
9476	1,2578
9477	1,393
9478	1,1571
9485	7,8239
9486	7,5667
9492	1,211
9494	1,7599
9499	7,2803
9500	5,6971
9503	3,1607
9507	1,5362
9510	1,2677
9509	3,9462
9516	1,0614
9518	6,4993
9519	4,4977
9523	4,0908
9525	3,9227
9526	1,1159
9528	1,3925
9529	1,2622
9531	7,5668
9535	5,6862
9537	1,528
9538	6,2194
9547	1,2181
9559	5,9034
9560	1,7823
9565	1,1732
9566	5,1231
9568	4,4037
9569	4,7345
9571	2,8156
9573	3,8056
9574	5,2901
9577	1,2543
9580	1,2664
9589	3,1692
9596	1,5428
9598	1,0669
9599	1,2268
9605	1,4465
9606	1,1377
9615	2,135
9616	1,2174
9619	1,1225
9620	5,9595
9622	4,3878
9624	4,4203
9628	5,5291
9631	3,9671
9632	1,06
9637	1,2622
9638	4,0536
9639	1,8574
9640	4,1844
9645	6,4467
9647	5,3003
9651	4,6245
9652	5,6329
9653	4,8509
9654	7,8237
9655	5,4564
9658	6,2642
9659	5,1472
9660	7,9279
9665	4,9618
9666	6,3948
9676	4,4004
9683	3,7453
9691	1,5328
9692	1,268
9694	1,1388
9704	1,187
9708	1,2565
9714	2,0557
9723	10,7896
9728	1,4528
9735	3,1444
9737	1,6129
9738	1,5258
9741	1,4689
9743	6,5043
9744	1,2676
9750	1,0931
9751	1,1569
9753	1,197
9754	3,6002
9760	4,1685
9766	6,6841
9774	7,2116
9776	1,1876
9777	5,0136
9782	6,5539
9786	2,8078
9791	3,7131
9790	5,9594
9794	3,6184
9793	4,5079
9795	6,1022
9797	5,1055
9801	4,3336
9805	9,588
9809	1,6237
9812	4,3854
9813	1,4606
9814	1,258
9815	5,9424
9818	3,5768
9820	4,872
9827	1,0567
9841	3,6035
9846	1,0439
9848	1,5876
9855	3,489
9856	1,2097
9857	3,6208
9866	5,5294
9873	5,3487
9875	4,3288
9876	3,6053
9877	3,7264
9881	4,1921
9880	7,8265
9883	6,5537
9889	4,0167
9890	6,1932
9894	4,5513
9893	4,9563
9902	4,6471
9904	3,598
9906	3,4891
9912	1,0557
9914	1,0527
9917	3,6058
9918	4,3282
9925	7,8226
9927	6,634
9939	1,0448
9942	1,551
9948	6,1623
9952	4,9041
9957	7,2607
9960	4,7034
9961	4,1451
9965	5,8677
9973	5,6303
9978	4,3289
9981	6,6562
9984	7,8221
9990	2,9997
9994	1,5151
9995	1,2554
10002	9,749
10005	4,9892
10012	1,169
10018	4,3816
10022	1,2574
10023	1,5146
10029	1,167
10035	3,1795
10038	3,6801
10040	1,5957
10043	3,7545
10048	1,2396
10053	1,1754
10057	8,6677
10061	1,5174
10063	1,2536
10069	6,3757
10077	11,0066
10080	3,6461
10085	7,2176
10087	5,5725
10096	5,2391
10104	4,6772
10105	6,5214
10112	1,0469
10117	5,2219
10118	7,1253
10119	4,1651
10123	5,6228
10128	6,1677
10129	6,3532
10130	1,1079
10146	3,8461
10152	6,3827
10170	5,2222
10174	4,3855
10175	1,0992
10176	1,2135
10181	4,0216
10182	5,1514
10191	6,5633
10193	3,7801
10194	5,8687
10200	1,2598
10208	5,4188
10213	5,3537
10214	1,2581
10215	1,5722
10217	1,0485
10226	4,7403
10229	1,2137
10238	6,1865
10239	4,5369
10241	4,9033
10240	5,1668
10242	9,3761
10243	6,0193
10245	1,1046
10251	1,0546
10252	1,1937
10269	8,4767
10272	8,083
10273	8,2219
10277	2,1111
10281	4,3696
10282	1,5334
10283	3,9464
10287	4,5516
10292	1,168
10293	1,2536
10295	3,6034
10298	1,0913
10305	4,608
10306	1,0519
10318	9,2895
10321	4,0649
10326	3,5406
10328	1,9054
10329	3,9949
10335	1,2552
10339	3,6977
10343	1,2455
10347	1,5568
10353	1,8942
10358	3,9452
10361	2,5918
10362	3,0994
10366	7,4186
10368	1,2536
10374	3,5912
10376	6,3465
10378	1,6978
10383	7,9141
10385	1,214
10387	5,1127
10391	5,0393
10400	1,2604
10409	1,234
10413	3,9457
10414	3,1003
10419	1,2611
10420	1,1035
10422	6,8852
10424	6,7059
10425	4,2113
10429	1,667
10430	1,5828
10431	1,2655
10435	3,7406
10436	1,2392
10441	1,9258
10444	3,5935
10445	5,4801
10458	3,1661
10469	1,2185
10473	5,8073
10475	1,266
10476	1,738
10478	5,0313
10479	1,8019
10480	1,1269
10482	3,6164
10490	5,849
10491	5,3805
10493	4,2495
10494	4,3238
10497	6,9127
10506	1,0557
10510	1,571
10509	1,6669
10512	6,8882
10513	4,4088
10517	1,2668
10521	7,2219
10532	1,2638
10534	1,1926
10538	3,1723
10540	1,4426
10544	1,2171
10545	4,557
10549	1,1323
10550	1,0723
10557	3,7957
10559	1,1885
10561	1,1955
10566	1,4707
10570	1,0454
10575	1,1345
10582	5,4218
10599	4,9119
10602	6,4833
10611	6,5664
10612	7,2186
10615	6,0117
10616	6,3797
10617	5,5258
10618	7,8209
10619	5,7644
10620	6,1085
10625	9,5818
10633	1,551
10634	4,5238
10636	1,268
10637	4,1929
10643	1,1363
10645	4,5657
10648	4,2378
10649	1,0472
10653	1,2671
10656	5,341
10657	5,108
10664	5,4656
10666	4,7983
10668	3,9651
10675	1,1867
10682	4,5194
10683	6,0116
10688	9,5831
10689	5,4595
10691	4,0524
10692	1,2619
10696	1,6733
10697	1,0613
10698	6,5035
10702	4,2484
10703	3,6045
10711	4,1644
10713	5,3293
10715	5,9615
10716	4,3578
10720	5,7172
10723	8,864
10724	8,6795
10725	5,5047
10736	3,393
10740	4,3963
10755	1,1313
10756	5,945
10763	2,107
10766	5,5354
10767	8,8675
10774	7,2592
10780	5,0239
10782	7,1733
10791	4,3845
10797	6,3603
10799	1,1318
10802	2,1066
10811	4,5285
10814	4,9938
10823	4,3911
10826	7,2598
10834	1,7037
10838	4,3893
10843	1,5614
10845	1,2623
10847	6,359
10862	7,8223
10872	6,5025
10882	6,3564
10883	6,1602
10888	4,3862
10891	4,3758
10892	5,6911
10898	4,3836
10902	4,9026
10907	1,5564
10911	1,2258
10912	1,1196
10913	5,8094
10925	3,8577
10926	4,9719
10930	6,1692
10932	4,89
10938	4,9234
10943	4,2657
10945	5,1586
10950	4,8995
10956	1,2352
10958	1,0548
10966	1,1788
10967	4,8736
10970	5,2277
10974	2,0814
10977	4,9904
10985	3,8934
10986	4,1155
10988	4,5058
10991	4,3585
10996	1,0481
11000	3,1424
11003	3,1749
11006	3,7778
11007	5,1104
11009	4,7853
11013	7,5745
11015	6,4985
11014	6,8726
11018	6,695
11020	5,7734
11021	5,9062
11022	4,4979
11023	7,2285
11025	4,8167
11028	5,3493
11041	4,3823
11045	4,3796
11047	8,3472
11048	7,9594
11050	7,0042
11052	5,8073
11058	4,7181
11062	5,7356
11063	5,2115
11065	5,6831
11068	1,1822
11071	1,4852
11074	3,6733
11084	3,1458
11090	6,8754
11092	6,5002
11093	6,6953
11101	4,215
11102	1,1589
11106	8,3487
11108	5,8103
11119	1,2735
11121	6,376
11128	5,0991
11130	4,8092
11131	3,6852
11132	4,193
11134	3,5791
11141	1,2331
11145	1,5693
11147	1,9546
11151	4,5102
11154	5,374
11155	5,2356
11157	4,9872
11158	6,3825
11159	4,3777
11172	3,1641
11173	4,5453
11177	1,5616
11180	2,1125
11184	1,232
11189	6,4044
11194	7,1222
11196	4,7821
11197	4,1712
11199	8,338
11203	5,9431
11205	5,2175
11207	1,9272
11208	4,3907
11212	1,1583
11215	1,0792
11222	4,7368
11227	1,2396
11232	6,3805
11236	5,4431
11241	1,1642
11247	1,2328
11254	1,5463
11258	3,1628
11263	4,1692
11264	7,1263
11265	1,1948
11273	4,7381
11276	1,2627
11283	4,1621
11284	3,8722
11297	1,5661
11301	3,1657
11306	2,0922
11308	4,3866
11312	1,2008
11313	1,551
11321	1,2315
11324	1,6839
11326	4,0645
11327	4,3938
11329	4,5371
11331	4,1798
11330	5,1659
11333	4,8951
11335	4,7578
11340	4,8075
11344	2,486
11347	1,1487
11348	1,0935
11352	1,1815
11356	8,227
11362	5,2853
11367	1,0472
11371	4,5355
11372	5,1664
11373	4,154
11378	4,8715
11382	1,257
11385	2,5836
11390	1,1458
11397	5,2797
11405	1,1969
11410	4,8085
11414	1,0546
11417	4,5362
11419	5,1669
11428	4,6062
11430	5,0384
11432	4,8051
11438	1,1488
11441	5,9608
11448	5,2782
11449	7,7402
11450	7,1573
11451	10,9886
11460	1,268
11464	5,041
11476	1,67
11484	1,2636
11485	1,5277
11488	2,4149
11489	4,8907
11492	4,2947
11493	5,3584
11502	1,6909
11506	3,7862
11511	1,2569
11512	1,0554
11515	7,1836
11519	1,1289
11527	5,0326
11528	4,8139
11529	6,8447
11532	4,3741
11536	5,3019
11542	4,5577
11546	6,6722
11550	8,7503
11552	5,6398
11557	8,4776
11562	4,2586
11563	4,7996
11564	4,4518
11566	4,0746
11578	3,7876
11579	1,048
11581	1,1007
11585	1,1291
11590	1,0946
11591	4,5593
11599	4,799
11600	4,2864
11603	5,3536
11612	4,521
11614	1,0468
11621	1,259
11620	3,8356
11629	5,5298
11644	1,0479
11646	3,7538
11647	3,993
11662	3,2029
11669	6,1712
11673	4,6825
11674	5,0101
11675	5,2987
11677	1,2331
11682	6,1627
11686	1,6718
11690	1,2382
11692	1,8971
11697	3,9928
11703	6,9633
11704	1,1155
11707	6,2774
11709	5,5074
11712	5,1882
11716	5,0516
11727	5,8807
11728	6,2184
11729	6,8917
11732	9,809
11735	5,0103
11743	3,9928
11745	4,2728
11749	1,9923
11750	1,2135
11753	5,5744
11758	5,5064
11765	5,6245
11768	3,7962
11772	6,8808
11773	5,4377
11778	10,6336
11781	3,6234
11785	3,7317
11787	5,7586
11792	3,8827
11793	4,6422
11794	4,4144
11796	3,6276
11800	4,8093
11806	6,2963
11807	1,1949
11810	6,8797
11811	4,1718
11817	3,9954
11827	4,0939
11829	3,6102
11835	6,665
11839	5,5008
11845	3,6271
11846	3,8835
11848	4,6446
11849	4,4155
11850	11,0488
11852	7,8126
11854	8,778
11868	5,4732
11871	4,0717
11875	1,2543
11876	10,9544
11883	7,3252
11886	5,8319
11896	3,8165
11898	3,8302
11907	6,1665
11909	5,1837
11910	5,9965
11911	5,8592
11922	6,2005
11927	6,3076
11929	6,0935
11930	5,6993
11932	6,9352
11933	6,5826
11934	8,5366
11936	5,5029
11945	4,8094
11947	3,1257
11952	4,2821
11951	4,5011
11954	4,6578
11955	4,8283
11963	6,8822
11964	11,2834
11965	7,912
11972	5,3345
11981	1,2019
11988	1,2636
12001	6,3091
12004	6,939
12007	3,128
12015	7,915
12017	3,1633
12021	5,3345
12024	1,4678
12025	1,2627
12026	2,0141
12027	1,0525
12032	1,2565
12039	5,4081
12042	5,7023
12044	3,622
12047	3,905
12054	4,2043
12056	4,375
12059	1,5574
12064	4,289
12066	1,3943
12068	6,3139
12070	4,4134
12077	6,4997
12079	5,7749
12080	5,3471
12082	5,8822
12083	6,8939
12089	10,1122
12092	2,0944
12094	1,187
12101	5,3362
12102	1,0561
12105	4,3897
12109	1,2651
12110	1,4845
12112	5,6953
12117	6,4993
12120	5,3491
12121	5,7862
12125	1,9522
12127	1,1439
12133	4,2288
12135	1,5305
12137	3,5673
12138	1,265
12141	4,9927
12142	1,1907
12147	5,0353
12150	2,0976
12154	6,5004
12155	1,3634
12156	1,2401
12159	1,1736
12161	1,0684
12168	5,2629
12170	5,0137
12176	4,177
12179	8,7367
12186	1,2426
12187	3,6287
12189	3,8769
12192	1,24
12197	4,5562
12198	1,1213
12199	4,239
12207	1,267
12209	1,494
12212	2,3447
12215	5,0182
12217	4,6896
12219	4,2243
12223	10,7878
12225	8,5964
12228	1,2406
12235	1,0481
12238	1,1767
12240	1,1147
12244	3,1436
12257	8,5959
12259	1,528
12261	1,2671
12263	5,1291
12268	4,8643
12272	1,0795
12274	2,5795
12282	5,7142
12284	10,6973
12288	1,2638
12291	4,6638
12301	9,6279
12307	1,8969
12308	4,4626
12315	8,2165
12330	2,8703
12334	5,8093
12335	2,5756
12336	4,7941
12343	5,0064
12344	4,9843
12352	4,8123
12354	9,6279
12361	1,2328
12366	8,216
12374	1,0827
12377	1,0727
12380	2,0935
12385	4,4292
12400	5,0617
12404	2,0894
12408	3,9376
12409	3,5999
12416	3,7869
12419	1,1642
12423	8,217
12427	4,3826
12428	1,1152
12433	3,8597
12441	7,0034
12442	5,8088
12443	7,9791
12444	6,4176
12452	5,3619
12454	3,9318
12457	5,355
12467	8,2183
12478	4,6771
12479	1,2411
12483	5,8039
12485	6,4197
12490	4,1671
12502	4,2238
12503	5,0177
12506	6,1123
12509	5,9497
12515	4,4741
12520	3,1411
12523	4,2859
12532	4,9112
12535	4,8083
12539	4,3828
12542	1,2604
12547	1,1623
12550	5,6628
12569	4,385
12574	4,8893
12575	5,1174
12582	2,1066
12589	1,2618
12601	5,3406
12603	4,3774
12605	1,1694
12606	3,627
12607	3,73
12611	3,3947
12615	4,1446
12617	3,9721
12618	4,5477
12620	4,3924
12629	6,1661
12632	5,9699
12633	5,8834
12635	4,6908
12638	3,6239
12639	1,2516
12643	4,9513
12647	3,1621
12651	2,5981
12653	4,0183
12654	1,6784
12656	7,008
12667	4,8094
12669	8,2263
12671	6,9204
12673	4,3658
12676	8,6823
12678	8,7572
12679	5,15
12681	5,0005
12680	5,3237
12682	4,8529
12683	7,1911
12685	5,5604
12686	7,5125
12687	4,4671
12697	5,2745
12698	4,5097
12702	5,4966
12707	5,3437
12721	3,6099
12726	4,3827
12727	3,8102
12728	2,0397
12729	1,0586
12731	1,6903
12736	4,4197
12738	1,2527
12741	1,9593
12742	4,7366
12743	3,7887
12747	6,1674
12748	5,9718
12753	7,0105
12757	4,7448
12762	4,8191
12764	4,3662
12770	5,3195
12774	5,1507
12787	3,9862
12789	3,1686
12791	1,9701
12792	2,0906
12797	1,2642
12801	6,0381
12804	5,4847
12811	6,3375
12814	5,0156
12816	5,201
12823	1,2487
12825	1,9533
12827	5,4792
12840	3,1694
12847	4,4175
12848	5,7207
12852	1,16
12853	3,1131
12859	7,2229
12864	5,6996
12868	5,1832
12870	4,0284
12881	1,1813
12886	3,0838
12888	1,9719
12889	1,2678
12901	1,1429
12907	1,182
12911	5,2055
12912	1,1818
12921	4,0392
12923	3,8252
12930	1,559
12932	1,5558
12939	4,8126
12941	3,101
12947	6,3475
12948	5,5047
12949	7,9143
12955	7,467
12965	3,1006
12966	1,2697
12971	5,4816
12972	5,6613
12982	6,118
12983	1,6894
12984	4,373
12991	5,5201
12993	1,2015
12995	1,4241
13001	3,788
13008	1,2683
13010	1,0596
13014	1,1294
13023	4,417
13029	4,366
13031	10,4437
13034	7,4217
13039	4,8834
13040	4,9581
13041	3,7847
13054	1,0449
13056	2,1151
13062	5,0307
13068	4,4845
13070	4,0471
13076	1,2647
13077	1,0976
13082	1,6401
13091	5,0164
13092	5,2635
13098	6,1225
13113	4,8099
13124	1,1053
13125	1,2666
13126	1,4897
13127	5,2644
13130	5,0146
13139	5,052
13142	4,6107
13149	4,7977
13158	5,0459
13161	3,831
13170	1,505
13171	1,2664
13174	6,2759
13175	5,0177
13181	6,6747
13189	6,0613
13192	4,794
13194	4,4877
13195	5,687
13197	4,9873
13204	4,7029
13209	1,8939
13213	6,6644
13224	4,8298
13228	5,3417
13229	6,0441
13231	5,8561
13232	5,0087
13234	7,0604
13237	5,2303
13240	5,4746
13239	6,7764
13244	4,6685
13248	1,8945
13253	4,8129
13259	1,0891
13272	4,8071
13273	5,335
13274	7,8258
13284	3,5549
13287	4,3331
13288	1,2647
13296	5,0078
13297	6,7727
13299	5,2322
13304	10,0647
13309	1,1718
13312	1,2375
13315	3,7785
13324	1,5991
13332	4,0415
13335	1,2629
13337	3,8661
13345	4,0246
13346	4,5158
13347	3,9241
13349	4,7008
13350	4,2458
13351	4,3961
13357	3,5776
13359	5,2217
13364	5,67
13367	3,8615
13374	4,0184
13380	4,2857
13381	4,806
13387	4,381
13390	3,8839
13396	7,9814
13397	5,8071
13400	7,0018
13401	1,2266
13406	3,8695
13415	3,8949
13418	4,5006
13419	3,5695
13420	4,3903
13428	3,999
13431	3,689
13432	2,1046
13433	4,5515
13434	1,2626
13436	3,6252
13437	4,6973
13439	1,6794
13440	1,1886
13441	4,3888
13442	2,606
13451	3,8212
13455	6,8108
13458	5,3632
13459	5,6264
13460	3,8676
13464	1,2381
13465	1,3592
13467	5,8083
13471	5,6582
13475	3,5639
13476	4,1646
13479	1,8867
13481	2,9806
13482	3,6876
13492	4,3008
13493	4,0756
13496	5,0139
13499	5,2939
13501	6,1115
13503	5,9508
13516	3,1434
13523	4,4135
13533	8,2164
13539	4,7863
13549	1,2392
13553	1,2664
13562	5,1543
13569	6,1134
13570	5,9493
13573	3,8509
13578	3,1379
13583	8,2171
13591	4,6275
13592	5,1564
13596	2,1096
13598	8,5937
13600	1,2616
13601	1,4937
13603	3,6807
13605	6,5367
13611	4,9194
13613	5,222
13614	5,0902
13616	4,408
13618	5,6608
13622	4,1972
13625	4,9464
13626	4,9991
13629	4,4269
13632	4,747
13633	3,7858
13635	1,5561
13636	1,1313
13639	3,139
13642	5,3719
13650	2,111
13651	8,2185
13654	1,0595
13658	6,2345
13663	5,0878
13673	2,1082
13677	1,1333
13684	7,3065
13685	7,618
13690	4,1331
13693	6,4173
13701	5,4095
13704	5,1605
13707	6,6346
13708	6,1879
13710	6,3418
13711	4,6977
13718	5,4093
13720	6,0539
13725	2,0984
13728	1,134
13733	3,2434
13734	3,1082
13739	1,1582
13740	1,4393
13742	6,5835
13744	1,0984
13745	6,4175
13746	1,0478
13747	5,4094
13753	4,6702
13762	4,6692
13768	6,5836
13776	5,4381
13777	4,6331
13778	1,0499
13779	1,2653
13789	1,4787
13792	4,4667
13796	5,8119
13801	3,7848
13802	4,9095
13805	1,141
13807	3,6
13831	4,4041
13832	6,2116
13836	1,7983
13843	4,8418
13853	5,1072
13858	9,5809
13863	9,81
13869	6,2929
13878	4,9757
13882	4,3221
13883	5,6958
13885	5,244
13895	6,0556
13896	5,4793
13899	4,2725
13905	4,3945
13908	4,9835
13914	5,899
13922	5,8558
13928	5,9883
13930	6,226
13931	6,4805
13935	5,6913
13939	3,7007
13945	4,3748
13949	5,2452
13948	6,8854
13951	11,285
13954	1,0892
13966	3,2185
13967	5,3363
13974	7,0367
13975	5,8064
13978	3,6621
13985	3,3664
13987	3,7032
13989	4,3885
13999	1,2654
14008	1,2692
14011	5,9862
14012	6,2252
14021	4,3855
14022	1,2654
14023	1,4308
14027	4,6211
14028	4,8194
14031	1,1366
14039	4,8046
14047	4,2555
14048	5,4799
14050	3,6334
14053	3,8018
14055	4,5395
14057	4,1804
14061	6,895
14062	3,6832
14068	7,396
14073	5,2741
14079	6,576
14082	5,8617
14083	6,6336
14084	6,2088
14087	6,3867
14088	8,3241
14090	5,4797
14093	1,2663
14102	4,8117
14107	4,8095
14114	4,3845
14117	1,2605
14125	5,0006
14126	5,2533
14127	3,9176
14146	5,7075
14163	4,9964
14164	1,2413
14165	2,222
14168	4,7785
14169	4,557
14171	4,3282
14177	1,6876
14180	2,1099
14183	1,1678
14190	6,6366
14191	6,3793
14192	3,7359
14194	3,9062
14196	1,2468
14203	4,8106
14207	4,3837
14208	1,2606
14209	1,2121
14211	4,6527
14215	4,588
14220	1,2317
14223	5,7801
14225	4,2135
14236	5,7104
14239	3,1733
14240	3,6035
14241	1,0911
14243	5,1651
14244	4,3333
14245	4,8144
14249	4,7049
14250	4,9675
14253	4,6799
14258	5,2573
14259	1,2424
14260	4,9949
14264	4,7356
14269	5,756
14273	6,0237
14275	6,2029
14277	2,1204
14280	2,0886
14281	4,7453
14285	1,3544
14290	4,808
14296	4,3888
14300	6,5032
14303	3,1644
14313	2,1215
14315	4,6518
14319	1,2334
14321	4,2128
14332	5,1641
14341	3,6643
14342	1,5685
14343	3,7536
14344	1,2649
14345	2,0914
14346	1,1643
14350	1,8544
14353	4,7282
14356	6,0258
14358	7,1542
14360	3,6053
14361	3,7082
14364	4,9966
14369	4,8095
14370	4,3948
14383	6,7182
14389	4,792
14390	3,5713
14395	3,6378
14398	1,2638
14400	3,978
14401	1,5709
14402	4,0605
14410	4,9929
14411	6,3631
14415	1,2614
14420	8,2191
14426	4,8111
14432	4,8372
14440	3,168
14446	4,6293
14451	4,8912
14456	8,4744
14458	8,2038
14459	5,6752
14462	6,1997
14465	5,653
14467	1,1794
14468	6,8096
14471	3,8665
14476	4,795
14487	3,1687
14496	5,641
14500	4,2205
14501	6,8112
14504	3,8662
14511	3,7752
14510	4,7915
14513	5,0959
14519	5,6072
14524	5,4537
14525	6,8446
14531	4,9949
14532	4,5371
14537	1,2683
14540	6,0548
14542	4,993
14544	4,4345
14550	1,5589
14552	3,7831
14554	1,21
14560	1,0884
14570	1,6245
14571	1,2122
14572	1,2421
14578	5,0943
14580	4,3934
14591	3,6665
14594	1,0603
14595	1,1239
14596	1,5803
14597	1,2637
14603	3,7899
14605	2,1023
14606	4,6298
14607	4,1657
14611	3,7198
14612	3,6182
14617	7,9217
14622	3,5539
14641	4,2137
14652	2,1147
14655	1,2672
14656	1,8646
14657	1,7854
14658	1,07
14668	7,9205
14669	4,1968
14670	4,5253
14675	4,0024
14688	1,0563
14693	1,2653
14696	5,7133
14697	6,0996
14701	4,2436
14706	4,1637
14716	1,2358
14723	5,7142
14724	9,9108
14726	5,9885
14732	5,4824
14733	4,0987
14734	5,6385
14735	5,9307
14739	4,7019
14743	4,2667
14747	4,6562
14748	4,3745
14750	1,2368
14751	1,4734
14755	1,253
14758	4,0961
14766	6,0381
14765	7,4602
14767	5,731
14771	5,9223
14772	7,5625
14773	7,7461
14781	1,2402
14783	4,3851
14788	4,9019
14789	1,0891
14804	1,9825
14805	3,5836
14810	4,5535
14812	3,8641
14813	5,0296
14816	3,1583
14826	5,127
14834	3,7991
14836	5,7954
14838	7,7458
14843	3,9447
14844	4,0232
14856	7,13
14861	3,7638
14862	4,7679
14863	3,9618
14869	4,5644
14871	7,1544
14872	3,5823
14879	6,8715
14880	5,7802
14882	7,0359
14883	6,8144
14885	7,128
14886	7,3457
14889	4,409
14891	4,5618
14893	4,4075
14894	6,4963
14905	5,3369
14908	1,2303
14915	4,05
14918	10,5654
14921	3,7681
14922	4,7583
14923	3,5638
14924	3,6946
14925	3,9299
14932	1,5255
14934	4,5646
14935	1,2678
14939	3,5149
14940	5,7724
14942	3,1163
14947	6,0452
14948	3,8419
14951	4,1544
14952	5,2021
14955	5,8978
14956	1,9828
14962	5,5299
14968	3,8304
14969	3,9281
14971	1,687
14972	1,2587
14976	3,5755
14977	3,6657
14979	5,8611
14980	4,7346
14981	5,0161
14985	4,405
14995	4,0979
14997	1,2683
14999	1,5205
15006	1,2162
15008	5,2601
15009	4,6972
15019	5,5469
15020	4,0863
15032	5,1582
15034	5,4091
15035	1,2592
15038	4,0185
15039	6,5748
15041	5,7671
15044	4,9624
15043	5,3412
15045	3,7706
15047	5,0804
15049	4,291
15051	4,5623
15053	6,0666
15054	5,9113
15056	6,2466
15058	3,5625
15059	3,6648
15062	6,4448
15065	7,6162
15066	8,0597
15067	8,2172
15074	4,7384
15075	4,4023
15078	4,093
15086	3,1424
15087	4,2828
15097	7,2839
15099	5,6753
15104	6,1805
15111	3,2205
15116	5,2618
15118	1,2602
15123	2,3902
15125	1,2655
15127	1,8061
15128	1,1828
15129	2,1267
15130	1,539
15135	6,1202
15138	4,0612
15139	5,1604
15142	3,5503
15145	1,1433
15152	3,7727
15154	5,9088
15156	5,3426
15159	4,2843
15166	2,1124
15170	1,2646
15182	3,1314
15184	3,0946
15186	4,2798
15190	4,3678
15191	1,0618
15192	4,3356
15195	4,5977
15194	4,9071
15198	4,4676
15200	3,8394
15207	3,2211
15213	3,8083
15215	1,2669
15228	4,499
15229	4,1666
15230	4,264
15236	6,8119
15237	5,9692
15238	5,7885
15239	7,4611
15242	5,5943
15246	6,2184
15261	3,1564
15265	1,205
15268	1,1272
15274	2,2352
15277	4,9075
15280	4,9186
15288	1,2576
15299	5,9651
15303	1,1894
15306	1,2314
15307	4,9051
15308	1,1423
15310	4,5024
15314	2,3145
15319	5,0449
15324	5,242
15329	4,2111
15332	5,9619
15334	6,2166
15340	5,2627
15342	4,6866
15343	5,1795
15350	2,1099
15357	4,6262
15362	1,519
15368	1,122
15369	1,4833
15370	1,0488
15371	1,2674
15374	1,8679
15376	2,1191
15383	4,211
15399	1,2423
15400	1,0571
15409	3,833
15410	3,9085
15411	4,3258
15416	4,2236
15418	5,6116
15421	4,4058
15420	4,6274
15422	5,8096
15423	5,4028
15425	4,7211
15426	6,2134
15427	6,5508
15428	6,3743
15429	6,7357
15430	5,5442
15436	3,593
15437	3,8017
15443	1,5313
15451	1,489
15452	1,1158
15457	1,0528
15458	5,6263
15460	5,3848
15466	4,2906
15469	4,0256
15472	3,8547
15473	2,9617
15475	1,512
15476	1,2667
15486	1,4506
15488	5,6262
15495	4,2725
15498	6,5751
15499	7,0349
15502	6,0416
15505	4,0775
15515	3,8941
15516	4,043
15520	4,4116
15522	1,444
15532	5,8536
15547	4,6686
15549	6,162
15551	5,255
15563	1,0961
15569	6,4427
15575	6,1652
15576	5,2444
15578	8,5655
15580	4,6002
15582	3,6068
15584	1,9208
15591	1,6556
15593	1,2605
15600	6,6979
15603	3,6797
15609	4,8427
15610	4,9787
15612	5,152
15613	4,5627
15616	3,6281
15617	3,7407
15618	3,8307
15622	4,1997
15624	1,2665
15630	5,7002
15631	4,2742
15635	4,8314
15641	2,5742
15647	4,2412
15656	5,048
15662	3,7279
15665	4,558
15666	3,6292
15671	5,6964
15677	1,056
15679	5,7688
15684	4,2361
15697	3,6844
15699	3,9699
15706	5,7674
15705	5,9067
15707	7,2982
15709	5,635
15710	4,2376
15713	5,1086
15715	6,0744
15720	5,2962
15721	4,5829
15723	5,1311
15732	4,6284
15735	4,8952
15738	5,2561
15739	5,1653
15740	3,6258
15741	3,7286
15743	5,6236
15751	3,1531
15756	5,6251
15757	5,9023
15759	5,2029
15770	3,6086
15772	3,8419
15777	6,281
15778	4,3823
15780	5,5525
15783	5,7353
15785	5,9631
15786	6,1109
15787	4,1394
15788	7,4363
15793	6,0841
15794	4,6235
15797	1,4344
15798	3,9234
15799	1,2615
15800	5,3014
15801	1,1527
15806	5,7681
15812	5,9093
15815	8,2966
15825	1,1468
15828	1,662
15829	1,2665
15830	4,3815
15831	5,5059
15843	4,3946
15850	2,101
15851	3,9251
15853	5,2321
15856	3,6003
15858	1,9814
15860	6,2105
15864	3,8007
15866	1,5298
15868	1,6332
15869	1,2622
15870	5,9759
15871	2,8152
15876	4,3709
15878	4,4855
15879	6,2789
15880	4,188
15881	2,3684
15884	1,1619
15896	5,7137
15905	5,0451
15911	2,2432
15913	1,2635
15912	1,8818
15922	3,6989
15928	2,1032
15929	4,1045
15934	2,7374
15944	5,046
15945	4,7429
15947	4,8841
15954	6,6839
15955	2,8127
15957	3,9182
15961	7,0221
15964	6,5473
15965	6,9365
15971	1,2639
15974	6,2133
15978	1,3586
15986	3,1559
15988	1,1126
15990	1,2026
15995	6,3556
16000	4,2644
16001	4,3797
16004	1,8887
16005	1,2666
16007	1,2687
16012	6,7233
16013	5,2186
16015	5,6332
16020	5,1091
16022	4,7285
16030	1,2671
16034	3,9074
16035	6,5447
16037	6,9361
16042	6,0654
16049	3,1707
16057	4,3802
16059	1,166
16065	5,2535
16067	7,5751
16069	4,1379
16076	4,5301
16080	4,4096
16085	9,2438
16089	7,0569
16090	7,3008
16091	6,8154
16093	6,0609
16102	3,8
16108	3,1565
16109	2,5484
16111	1,5597
16117	2,1177
16124	2,2231
16130	5,2224
16133	2,5585
16134	2,4938
16136	5,2734
16139	3,6693
16143	3,9026
16146	4,4079
16150	7,3011
16155	3,1546
16161	4,2919
16164	6,8901
16168	4,8
16170	4,0529
16171	4,5986
16175	5,8311
16179	5,129
16180	6,8114
16181	10,3095
16185	4,8312
16187	1,3771
16193	4,6279
16200	3,1574
16204	1,6227
16205	1,5055
16208	2,1091
16211	1,0529
16212	1,2313
16227	1,2699
16247	4,5239
16249	4,7849
16259	3,1543
16260	1,4828
16262	2,1063
16264	1,0513
16267	4,5006
16277	5,4406
16278	4,6742
16286	4,818
16287	4,5258
16288	4,2813
16290	4,7706
16291	4,5112
16293	5,3808
16298	4,4445
16328	3,1615
16333	1,0526
16335	1,4576
16336	4,9003
16339	1,4311
16342	1,2718
16343	1,8669
16349	6,1508
16356	4,442
16365	6,3012
16367	6,5289
16368	4,6496
16375	1,0496
16378	1,8887
16384	3,3315
16385	3,4117
16388	3,6347
16389	3,7327
16392	4,2655
16393	1,8596
16395	1,0913
16400	1,2646
16404	4,8165
16406	1,4666
16414	4,7034
16416	1,2279
16418	1,0538
16426	3,3345
16428	3,4135
16429	3,6354
16432	1,2379
16437	5,6264
16451	5,4198
16453	5,2213
16455	4,9047
16457	4,5068
16460	5,6254
16461	4,2576
16473	6,3504
16483	3,3397
16485	1,2385
16487	3,6598
16489	3,7518
16494	5,2868
16497	6,1588
16500	5,9403
16501	5,7484
16505	4,9344
16517	4,5572
16518	5,009
16520	1,6765
16522	1,1405
16524	6,3555
16531	4,6146
16540	3,6648
16542	5,2539
16554	4,1055
16555	3,725
16571	4,6899
16572	5,9403
16573	5,5953
16574	5,0631
16577	5,8401
16578	5,3203
16581	4,8449
16584	3,9998
16585	5,2726
16590	4,8486
16601	4,2639
16605	4,0951
16615	2,8175
16626	7,6169
16629	6,0077
16632	5,8293
16637	1,265
16642	1,1667
16645	5,0644
16650	3,9965
16654	1,0472
16662	3,9245
16665	1,2226
16676	3,6085
16681	4,7409
16682	2,4512
16683	4,0176
16691	3,6929
16692	5,2269
16694	4,3779
16696	4,4714
16707	2,2034
16709	2,7869
16708	4,5808
16714	1,5588
16713	5,4819
16715	1,2641
16719	4,461
16721	1,1698
16731	4,1758
16735	5,6261
16742	5,4632
16745	4,2422
16748	4,1743
16751	1,2182
16766	8,222
16768	1,2618
16769	5,4773
16774	4,8343
16778	1,354
16783	1,8727
16788	4,3813
16790	4,2689
16794	5,6274
16799	5,5752
16800	5,2964
16802	4,5693
16811	1,265
16816	4,2382
16820	5,8263
16823	5,0405
16824	5,5754
16825	4,8647
16830	5,4165
16833	3,9987
16836	3,8045
16838	4,2959
16840	5,356
16841	8,2226
16844	1,2685
16847	3,996
16849	5,7638
16852	2,8292
16854	1,2624
16855	5,6268
16859	6,0557
16861	5,2066
16862	4,1052
16864	4,2551
16867	5,0243
16868	5,5829
16872	7,2567
16873	1,2718
16880	5,2627
16882	5,0944
16884	5,5207
16885	5,7447
16887	6,2843
16894	5,3538
16895	4,2944
16897	7,5533
16898	7,9283
16899	7,8209
16901	5,4126
16903	1,2019
16916	5,0428
16918	4,3785
16923	7,2241
16925	6,8805
16934	5,2112
16935	4,4003
16938	4,7893
16942	4,6062
16943	5,0056
16944	6,6564
16945	6,0587
16949	3,9859
16950	5,5211
16959	4,451
16971	1,2353
16972	1,3535
16974	1,2058
16982	7,7076
16990	4,3646
16991	4,8184
16992	4,9485
16993	6,211
16994	6,3632
16995	5,6473
16997	5,2984
16998	5,1187
17000	6,6842
17010	5,3415
17015	6,1039
17018	1,268
17020	5,178
17030	4,4079
17031	4,8303
17037	2,1136
17038	1,0555
17045	3,6785
17058	4,0762
17059	3,499
17066	1,2637
17067	4,4118
17072	6,6766
17073	4,7338
17078	3,2173
17079	4,4054
17084	3,1961
17085	6,1036
17088	4,7854
17089	1,2625
17091	4,0947
17093	1,5046
17097	4,1655
17101	1,1355
17104	3,8979
17105	2,814
17107	4,1578
17114	5,3414
17116	4,742
17117	5,5278
17120	4,1023
17127	4,1006
17129	1,5067
17132	1,4226
17133	1,0538
17136	1,273
17138	1,2262
17139	3,4878
17144	6,8057
17152	4,7292
17154	6,2754
17158	3,6099
17162	6,2713
17164	6,2933
17166	1,5156
17169	3,6067
17173	3,2885
17176	3,4895
17178	6,8052
17180	5,7679
17183	1,267
17184	1,6448
17185	4,0593
17188	4,43
17191	4,8824
17192	6,1691
17198	4,9662
17201	5,326
17202	4,256
17209	4,4143
17214	1,05
17220	5,3382
17221	5,5449
17223	5,0552
17224	3,9999
17227	4,6943
17230	6,1689
17234	4,8903
17237	5,7665
17240	6,4995
17245	6,0583
17247	6,4967
17250	6,9268
17251	4,9946
17252	5,9158
17259	6,5944
17267	7,3834
17268	3,8581
17273	5,4555
17276	5,7667
17278	6,4996
17282	6,6945
17283	3,8545
17284	3,6876
17286	5,4557
17288	5,7654
17289	1,044
17292	4,9025
17308	6,3188
17315	6,6954
17319	4,5478
17332	7,9413
17335	5,2298
17337	5,9873
17338	4,9984
17342	4,7232
17344	5,63
17343	6,5246
17351	1,1445
17363	5,2197
17365	5,8662
17368	3,8074
17372	4,0076
17374	4,5404
17376	5,1044
17377	5,4436
17378	4,7066
17381	1,2603
17390	4,5539
17400	4,2177
17402	3,9988
17406	1,1744
17409	4,95
17417	4,7767
17425	5,0484
17429	4,8772
17430	3,6065
17434	4,3838
17435	3,7357
17437	4,6694
17440	1,1769
17441	4,0508
17443	5,076
17445	1,2631
17451	6,0608
17452	5,7026
17457	3,9989
17458	5,3872
17460	5,4138
17463	4,7792
17462	5,108
17464	5,0089
17474	6,2393
17477	4,839
17482	4,3603
17483	4,8047
17485	1,0542
17488	5,1518
17490	4,7806
17494	4,408
17496	6,2436
17497	4,8358
17501	5,6833
17503	3,5804
17507	1,1795
17509	4,6693
17512	3,6286
17514	1,2618
17515	5,7069
17522	4,9858
17536	4,3897
17539	1,1379
17542	6,1581
17543	6,3527
17545	5,7799
17546	6,8248
17552	6,9319
17554	5,0388
17556	5,4201
17558	4,8246
17562	7,1264
17566	4,1451
17575	5,1642
17576	6,4646
17578	5,477
17586	4,1918
17589	3,7076
17590	5,3339
17598	4,3854
17604	5,6284
17605	1,2071
17606	1,1802
17608	5,0403
17610	4,8249
17617	7,1612
17620	4,0086
17628	9,7922
17629	3,5238
17631	4,9591
17632	4,6026
17635	6,7821
17636	3,5231
17639	1,2324
17640	1,3315
17644	4,2582
17645	4,3833
17654	2,1053
17657	1,1597
17664	4,6308
17666	4,815
17670	6,7046
17672	6,3088
17679	6,7802
17681	5,3968
17682	5,9032
17688	5,7452
17697	4,3853
17703	2,8337
17706	3,673
17707	5,0133
17710	4,9113
17713	4,0893
17715	6,0525
17718	4,9412
17722	5,3045
17723	5,1712
17724	6,3672
17725	6,5228
17728	6,9147
17730	5,4777
17732	1,2646
17734	6,8817
17735	6,6252
17736	5,7424
17745	5,4649
17746	3,7227
17750	1,2325
17751	1,36
17753	2,1101
17754	1,0509
17755	1,4072
17761	4,3842
17764	4,353
17765	1,2283
17769	4,173
17772	4,8319
17780	7,2254
17788	4,3387
17790	5,077
17793	5,2557
17794	3,5768
17800	4,89
17801	3,5567
17807	4,0933
17811	5,3
17815	3,7398
17816	2,1056
17823	1,2604
17824	5,3163
17836	4,2869
17837	2,8253
17841	6,3724
17842	4,0898
17845	5,3002
17847	2,1096
17851	4,1721
17852	3,7019
17862	3,8378
17863	5,2589
17865	6,3718
17868	5,415
17869	3,9593
17871	4,8598
17872	4,0932
17886	2,1127
17889	1,5392
17895	4,3772
17910	4,2341
17916	1,7444
17918	1,2643
17919	6,3435
17929	2,1111
17935	4,2752
17937	1,1089
17942	5,1074
17941	5,3398
17949	5,3956
17952	5,6054
17959	6,2192
17965	2,1122
17971	1,4411
17976	7,1786
17979	7,2013
17980	1,1107
17981	4,2553
17982	5,34
17991	4,1352
17996	6,0618
18002	5,4734
18003	6,6548
18007	5,6913
18013	7,0126
18019	4,7498
18021	3,697
18029	1,0527
18033	6,4997
18038	4,5156
18042	1,2475
18057	7,1374
18064	5,0143
18068	5,4615
18071	4,3885
18075	5,7745
18079	5,9675
18087	5,0125
18089	3,7789
18110	7,1366
18116	4,8711
18119	5,0441
18120	4,4793
18122	4,0119
18123	4,2733
18127	1,2624
18130	5,1962
18132	4,2559
18131	4,3987
18133	4,9219
18138	4,6044
18139	3,7565
18141	3,6655
18143	1,2578
18146	6,502
18150	1,2299
18155	4,605
18157	6,0577
18159	4,5774
18161	3,8561
18164	4,8804
18165	5,1893
18166	5,5228
18167	3,6919
18168	1,2652
18171	1,6564
18173	4,6523
18174	5,0297
18177	6,5027
18178	4,3723
18190	5,0817
18195	4,3932
18197	4,2505
18201	4,6015
18203	4,7899
18205	5,0003
18206	6,0554
18211	3,868
18212	2,831
18213	2,978
18216	5,0053
18219	4,9997
18220	5,9562
18229	3,4136
18230	4,166
18231	2,0736
18241	5,1752
18242	6,5931
18243	5,0053
18251	4,2702
18259	4,6419
18260	3,857
18261	4,3546
18265	1,265
18272	3,8563
18276	4,2813
18288	4,904
18292	3,4133
18293	1,2641
18298	4,8048
18308	4,292
18313	6,5707
18319	6,1026
18320	5,8618
18322	7,1925
18325	4,266
18327	5,2796
18331	4,6753
18340	1,2602
18342	1,7499
18346	4,9351
18348	5,0244
18352	3,5061
18355	1,2687
18358	7,3819
18363	7,8783
18365	3,7663
18367	1,2219
18368	1,3549
18369	1,1733
18379	4,096
18380	1,2279
18390	4,6852
18394	4,5623
18395	5,7002
18404	5,6244
18406	1,0504
18417	4,685
18423	5,4877
18425	8,5943
18430	5,4836
18432	1,3514
18433	1,2536
18439	1,0685
18444	1,1333
18446	1,261
18448	2,1277
18449	2,2265
18450	1,9008
18455	5,0434
18460	3,7945
18461	3,8316
18464	3,743
18469	5,8125
18470	5,1748
18476	4,1458
18477	4,9374
18483	4,3311
18484	3,5676
18485	5,4443
18486	4,4348
18493	4,2999
18494	4,7088
18501	5,3302
18505	4,332
18510	1,3954
18511	1,2555
18515	2,1335
18517	2,2266
18518	1,8992
18519	8,9821
18520	3,8777
18522	5,3222
18524	3,9387
18527	5,0977
18528	4,7908
18531	5,6185
18534	4,9436
18535	3,7411
18541	1,2671
18547	3,6038
18549	5,3575
18552	5,312
18560	1,6422
18564	1,2321
18571	7,2215
18572	6,7015
18577	4,8114
18580	5,0275
18585	1,128
18587	5,2574
18589	1,1133
18592	1,2675
18594	4,3574
18598	4,7903
18603	5,3095
18606	3,6794
18608	4,4866
18612	1,3836
18619	4,5269
18620	1,2436
18623	5,028
18626	5,7028
18628	3,6039
18631	3,7087
18633	4,3837
18635	4,3309
18637	8,3165
18642	4,9633
18645	6,5707
18646	4,7066
18654	1,5182
18659	1,061
18662	4,1721
18664	4,747
18665	4,8298
18671	5,0267
18677	5,3086
18683	4,3369
18685	3,6039
18695	4,7056
18704	6,1437
18708	4,9913
18713	4,1714
18717	6,2817
18722	1,0984
18724	5,6385
18726	5,8331
18735	4,0254
18736	4,988
18738	4,5787
18744	6,9635
18745	5,6366
18747	4,9473
18750	4,6331
18751	6,0719
18760	6,2544
18763	1,6605
18765	4,6543
18769	6,2329
18770	5,6406
18771	1,1004
18772	1,1284
18775	3,6119
18779	5,0603
18783	4,2947
18787	6,5727
18801	6,0262
18804	4,6297
18809	4,2958
18810	6,5734
18813	4,4617
18818	1,0977
18821	5,4095
18823	5,803
18828	6,5698
18833	4,0933
18836	6,2174
18837	5,226
18838	4,6824
18844	5,4556
18849	4,4936
18850	6,0505
18857	4,5768
18859	3,6629
18861	3,5786
18865	4,3903
18875	5,7086
18893	5,3397
18903	4,6294
18904	5,0097
18907	3,8385
18908	6,3513
18910	4,3949
18912	5,454
18914	4,5303
18915	4,0875
18917	6,219
18922	4,681
18931	4,7858
18932	7,3526
18937	3,5797
18942	5,2598
18946	1,2433
18947	2,6233
18949	2,8101
18948	3,6593
18952	1,0613
18967	3,6451
18968	3,7475
18971	3,8621
18975	5,3385
18976	1,2646
18977	4,4858
18978	4,0558
18982	1,8699
18983	2,8195
18993	5,0109
18994	4,6764
19002	5,4568
19004	4,1721
19013	3,659
19022	6,4995
19038	5,6019
19041	6,5575
19048	4,4846
19049	3,6478
19054	5,3432
19060	6,5212
19067	5,3426
19070	5,0099
19075	4,1659
19077	5,3385
19085	5,8044
19088	4,7238
19093	4,6962
19097	1,2662
19100	5,3492
19104	3,9686
19111	5,7722
19112	4,7414
19124	7,4243
19132	3,9749
19133	1,2669
19137	5,9446
19141	5,5389
19149	7,2186
19150	6,4444
19157	4,3299
19163	3,4118
19172	7,2106
19175	6,4445
19181	4,992
19189	3,7803
19197	1,2578
19202	5,7107
19207	4,9027
19210	3,4145
19212	4,9914
19218	5,0089
19227	5,8617
19228	6,5622
19236	4,9866
19245	4,7575
19248	5,9327
19252	4,901
19261	5,8631
19262	6,5655
19265	4,3204
19271	6,5701
19272	1,3569
19273	1,2318
19280	1,3867
19281	1,2739
19282	2,1023
19284	1,2294
19287	5,8039
19293	6,1803
19304	6,2152
19305	5,6274
19318	3,6077
19319	3,8874
19323	1,1153
19326	1,216
19328	4,2105
19337	3,6745
19344	4,7807
19348	4,2112
19354	2,1216
19356	1,3975
19357	1,2691
19359	1,0682
19364	5,0384
19367	1,1333
19369	5,2567
19378	4,8072
19382	4,6947
19384	5,0866
19385	6,888
19386	4,2109
19395	5,4577
19397	6,9456
19414	7,2193
19415	6,2565
19421	5,4046
19425	4,3416
19428	4,7049
19438	6,9452
19440	5,4086
19443	5,713
19452	4,0952
19458	5,6017
19461	5,0546
19465	5,4019
19470	6,5904
19472	5,0501
19475	5,2713
19479	1,0986
19480	1,1074
19482	2,1165
19505	5,0933
19509	3,6771
19511	5,8059
19512	5,2532
19517	7,1733
19521	2,0146
19522	8,4636
19527	5,0361
19528	6,3508
19530	6,2883
19538	5,7101
19544	3,8069
19546	4,46
19549	1,5871
19552	7,9531
19553	6,8119
19554	6,9955
19556	1,2601
19561	4,309
19562	5,7718
19565	4,2807
19566	1,2685
19568	5,2161
19571	3,879
19572	4,6288
19573	1,4724
19575	3,9901
19576	5,3014
19579	5,8026
19580	5,0943
19584	7,1108
19583	7,2958
19591	1,2589
19593	1,0686
19596	4,3317
19607	3,7911
19613	6,811
19618	4,9409
19619	4,1977
19623	6,2169
19624	5,1876
19628	1,2624
19632	3,697
19635	5,7713
19637	3,874
19638	3,9942
19645	5,8317
19652	4,7479
19653	6,1115
19661	4,9181
19664	3,5921
19666	2,0991
19667	3,6391
19673	4,1639
19675	4,417
19679	4,2094
19681	5,3528
19682	4,6725
19683	3,8342
19691	6,2186
19692	7,0633
19697	4,3377
19699	6,3431
19707	4,8383
19710	1,2699
19711	5,3027
19714	3,619
19724	5,353
19725	4,0921
19732	4,6768
19734	1,6666
19735	1,2606
19736	3,9895
19747	6,5561
19751	1,2408
19753	3,8735
19759	1,2667
19761	1,4835
19764	3,3448
19766	3,7647
19767	4,9903
19774	4,5281
19775	6,6698
19782	6,8935
19790	4,4992
19796	3,8557
19802	6,5571
19805	1,5156
19806	1,2685
19813	5,46
19814	5,5874
19816	5,0678
19815	5,3849
19817	4,7974
19819	6,6731
19824	4,9188
19825	4,398
19826	3,8539
19830	6,4958
19831	1,1682
19832	3,1253
19834	3,7779
19835	3,8225
19837	6,5001
19850	4,8125
19860	4,4877
19862	4,7837
19869	6,1908
19871	5,5717
19872	5,895
19878	4,4038
19879	3,7829
19883	4,4042
19885	3,569
19890	4,7263
19893	4,8151
19898	6,8602
19903	5,5721
19911	6,1622
19913	1,0468
19921	5,2445
19926	6,5802
19930	6,7812
19935	5,2635
19938	4,72
19940	4,3372
19943	6,375
19946	6,1621
19948	6,8562
19952	5,6558
19959	4,7029
19961	4,6997
19963	6,3759
19968	4,1833
19973	4,6722
19976	4,6954
19985	3,8165
19986	3,7752
19987	1,2613
19988	1,3795
19991	2,1056
19997	1,0693
20007	4,1771
20006	4,7904
20008	5,1632
20012	8,4736
20013	8,2043
20015	5,6718
20016	7,285
20019	3,9153
20020	6,45
20022	6,1866
20039	7,8912
20043	3,7916
20046	5,5869
20059	4,9579
20066	5,6719
20072	7,8925
20073	5,6089
20076	5,5752
20080	4,0759
20081	5,2354
20082	6,298
20084	4,6961
20088	5,1364
20092	4,592
20096	6,2973
20098	4,5498
20103	1,4715
20104	3,782
20109	5,0323
20110	4,8078
20112	3,9973
20120	1,1302
20125	5,3009
20129	1,2038
20133	4,3981
20137	4,6606
20142	5,4081
20147	4,5487
20161	4,6928
20166	6,8854
20171	5,0369
20176	1,0866
20179	4,7757
20181	3,6222
20187	4,2132
20188	6,2601
20189	3,6652
20191	3,7583
20193	5,4071
20195	6,8872
20198	4,3939
20205	3,7985
20209	4,547
20211	4,8846
20216	4,5727
20220	5,2673
20224	4,9686
20227	4,7495
20229	5,0125
20232	1,1733
20233	1,1738
20234	5,0504
20237	1,2364
20239	1,0866
20240	5,6585
20248	6,2739
20250	3,6837
20251	4,079
20258	4,1699
20262	6,5737
20265	3,9375
20267	3,691
20268	7,3811
20273	5,0958
20274	5,6213
20293	5,6634
20296	5,7086
20304	6,8469
20306	1,0872
20307	5,2739
20309	4,6982
20315	3,4894
20316	2,7437
20317	4,1071
20328	5,7047
20329	3,9655
20332	6,3593
20334	2,0954
20336	1,2662
20337	4,8061
20339	4,2291
20345	5,3635
20346	5,8872
20348	5,1129
20357	6,2112
20358	4,7378
20363	4,6977
20368	4,6965
20372	6,5425
20380	4,6635
20381	4,9917
20385	4,2371
20387	3,6867
20389	3,4671
20400	5,2881
20402	4,4052
20410	5,3572
20412	5,1117
20414	4,7338
20418	3,6095
20420	3,7124
20426	3,5366
20437	3,1484
20438	1,2373
20443	4,0492
20446	3,6105
20447	3,7185
20450	6,8721
20453	3,6094
20459	4,8087
20465	4,011
20469	4,4478
20474	7,2556
20486	4,6863
20487	3,6058
20489	4,0109
20493	4,3269
20496	1,244
20501	4,8075
20506	4,8159
20508	4,5704
20511	7,2561
20512	5,0495
20517	5,6877
20523	3,6998
20525	6,2765
20526	6,3529
20527	5,5053
20535	6,5573
20537	6,1118
20538	1,1484
20540	1,1384
20548	5,8794
20549	6,6383
20556	6,2468
20562	6,3549
20567	1,2416
20571	4,6928
20577	1,7091
20582	3,9373
20588	4,6938
20590	1,4677
20597	4,329
20605	5,3282
20609	4,2398
20612	4,4761
20618	4,5276
20623	5,3282
20626	3,5919
20627	4,3867
20628	3,593
20632	4,7665
20638	4,5241
20640	4,4419
20646	5,9576
20657	1,1934
20658	5,2747
20669	4,5067
20671	5,1407
20674	6,6668
20676	5,955
20682	5,3194
20690	6,6667
20694	4,7452
20695	5,2969
20704	5,4793
20706	6,1382
20707	4,5626
20709	5,0454
20717	1,3897
20718	1,2775
20721	2,1288
20724	5,8031
20730	5,2128
20737	4,6962
20738	5,0536
20751	5,2962
20759	6,1368
20762	4,6963
20766	4,8206
20779	3,8915
20782	4,6347
20784	6,7776
20790	4,8137
20794	5,013
20795	4,2014
20808	6,2725
20813	6,6669
20815	1,2124
20820	4,0971
20824	3,7867
20827	6,5008
20834	4,8073
20841	1,474
20842	6,3889
20853	7,1155
20854	3,9067
20863	6,0081
20865	4,7998
20875	4,1104
20879	5,0139
20880	7,162
20884	4,2011
20893	7,1058
20895	6,5887
20896	5,7587
20901	4,6543
20903	3,5708
20905	4,2718
20917	3,8684
20918	1,0709
20925	3,9123
20931	4,7873
20935	3,8823
20937	4,3591
20939	4,5649
20942	5,3288
20943	6,1393
20944	4,1128
20948	6,8289
20951	5,8229
20953	4,9801
20957	6,3497
20958	7,1642
20959	4,2361
20963	5,5714
20968	5,2034
20970	3,5416
20971	3,7547
20972	5,7604
20975	4,2662
20979	3,7337
20983	6,3391
20985	1,1346
20987	5,2525
20990	5,0866
21002	4,1378
21003	3,8285
21010	5,4669
21012	3,6005
21013	4,3598
21014	5,3174
21022	4,2746
21023	1,2659
21027	7,8147
21028	7,5638
21033	4,3679
21037	1,1328
21039	1,2179
21044	3,8255
21048	5,7087
21049	4,796
21050	1,2632
21051	4,1008
21053	4,3388
21057	4,0907
21058	1,267
21061	5,7483
21064	3,9548
21079	5,3331
21083	5,9022
21084	4,334
21090	6,87
21094	5,186
21095	5,6788
21097	4,7227
21101	1,1346
21108	5,3237
21110	5,9035
21114	5,3478
21118	4,3034
21120	3,7974
21122	6,8719
21123	4,3669
21137	6,2944
21140	4,1022
21147	5,347
21149	4,2841
21152	4,3116
21155	6,0092
21156	7,1294
21157	7,822
21162	6,2946
21164	7,1
21169	5,4404
21170	4,1805
21172	5,6614
21186	4,4384
21196	6,2948
21198	6,5551
21201	3,866
21202	5,2178
21203	5,5471
21204	4,554
21206	5,958
21208	4,1765
21213	4,1725
21222	5,2922
21227	4,7451
21232	3,5351
21249	1,2288
21256	4,3305
21257	3,8001
21258	3,838
21265	4,2331
21273	4,2338
21276	4,7242
21281	1,2329
21285	4,7211
21290	3,5653
21298	5,6698
21299	6,263
21301	5,7565
21303	6,1562
21304	5,5094
21325	1,2356
21331	5,2615
21336	4,2379
21343	6,3576
21345	4,4909
21348	6,8895
21353	5,4365
21356	6,1326
21357	6,4891
21362	3,5221
21366	5,6658
21371	5,0522
21374	1,2378
21377	4,3867
21378	4,7149
21381	6,357
21389	6,2093
21390	5,2572
21391	3,882
21392	5,6959
21402	5,0524
21404	5,8395
21405	5,4455
21411	5,7503
21419	5,6227
21423	5,0466
21427	6,3574
21430	6,4228
21432	4,3866
21434	1,4528
21442	1,0883
21443	1,6348
21449	6,6964
21452	4,4708
21462	5,673
21463	3,9232
21464	6,2135
21468	4,7139
21475	4,097
21476	4,7234
21478	4,4379
21492	5,645
21499	4,3859
21503	1,0791
21504	1,0734
21508	5,3564
21511	3,9403
21522	6,1071
21525	4,0185
21526	4,2021
21527	4,8639
21528	4,4876
21529	4,3025
21530	1,9613
21540	3,5689
21541	4,0968
21542	4,7211
21544	4,4918
21551	4,2746
21552	5,8827
21553	4,2703
21556	3,697
21557	3,8349
21558	4,0365
21560	3,5921
21567	3,5098
21576	4,5309
21580	3,6486
21581	3,7348
21582	4,0232
21583	1,2598
21586	4,7396
21587	4,2733
21590	4,5439
21595	1,2656
21597	4,0405
21609	7,9461
21617	3,5906
21629	3,6462
21633	4,2702
21636	6,0066
21639	1,2645
21643	5,1093
21644	4,6978
21653	4,9806
21654	3,5804
21657	5,3039
21658	3,687
21662	5,1101
21668	4,9793
21672	3,6256
21673	5,9146
21678	6,3383
21677	6,544
21681	8,3123
21684	4,9794
21686	5,3053
21690	6,122
21695	4,8094
21699	1,5009
21700	3,5955
21703	3,8381
21706	4,5347
21710	6,9023
21715	4,6002
21721	6,3472
21725	6,5417
21727	6,1255
21730	3,8195
21734	6,1252
21737	4,813
21742	5,5386
21743	5,8338
21748	4,5351
21750	3,8102
21756	4,6002
21759	6,8956
21764	6,5447
21766	6,3745
21767	5,6903
21768	5,9326
21774	6,8936
21776	5,6915
21777	3,6931
21784	3,7369
21785	4,5914
21787	6,9048
21791	4,8309
21792	4,6676
21793	6,2071
21794	6,4555
21798	4,3885
21800	4,4138
21801	6,8819
21803	4,7372
21807	3,6812
21808	3,7583
21816	5,0117
21818	4,6264
21822	6,2101
21826	5,559
21835	6,1035
21846	4,7001
21850	5,4896
21851	4,136
21856	5,5557
21861	5,4867
21863	1,0432
21868	4,4157
21871	4,3892
21874	3,1069
21875	1,1495
21878	1,1432
21880	6,3553
21882	4,2733
21890	5,487
21893	4,1354
21895	6,1176
21904	5,3905
21907	6,5454
21915	5,3494
21923	6,2754
21927	5,3989
21928	6,544
21934	1,0453
21945	4,3321
21947	4,3251
21950	6,3638
21964	4,6322
21966	6,9649
21971	5,9091
21979	4,3348
21991	5,3741
21993	3,8575
21997	6,6993
21998	5,054
22006	7,2728
22008	6,1565
22010	6,0039
22011	5,3745
22013	3,8537
22014	6,2755
22017	6,297
22032	5,4824
22037	5,546
22039	6,0347
22043	4,6408
22045	6,4424
22047	6,2857
22053	6,6995
22058	4,2683
22063	7,2768
22067	1,4716
22079	5,6014
22084	5,6219
22085	5,1926
22086	4,5367
22091	5,9657
22096	6,2916
22097	4,6641
22101	6,4428
22106	5,2647
22107	6,3494
22111	4,2664
22112	6,3682
22113	6,1166
22114	1,4717
22116	1,0997
22134	4,3016
22136	4,0019
22137	1,2656
22139	5,1828
22144	4,5547
22158	6,443
22164	3,5296
22167	4,6406
22171	1,8084
22172	4,4567
22173	3,8385
22175	5,0378
22177	1,2631
22182	4,2965
22188	5,6959
22191	5,2891
22199	6,3761
22201	7,9158
22202	1,0833
22204	3,5234
22206	1,7311
22215	3,6103
22217	6,5057
22222	6,478
22229	3,9949
22231	3,7736
22235	4,6169
22240	4,5865
22245	6,1162
22253	4,9723
22265	6,3546
22266	4,9716
22270	5,2519
22271	5,0024
22282	5,3809
22285	6,6428
22292	6,3632
22297	6,3437
22304	4,9973
22306	5,2389
22309	5,0361
22311	6,3425
22318	4,2083
22328	5,5594
22334	6,3426
22335	4,0856
22341	3,5263
22353	5,5568
22356	3,5258
22364	5,7075
22367	4,2218
22369	4,4021
22375	4,9508
22383	4,9477
22386	5,7069
22393	4,7027
22399	4,6883
22406	4,7682
22408	6,0392
22412	6,4934
22421	1,1334
22425	3,6295
22430	7,672
22436	6,1687
22437	5,2117
22451	4,9935
22455	1,1359
22456	1,1372
22458	6,6411
22462	6,3571
22467	4,6466
22478	5,3174
22482	4,9199
22484	5,1875
22487	6,1672
22491	6,2888
22496	6,511
22499	4,6465
22503	4,4588
22510	1,1349
22514	6,3557
22516	6,1428
22529	3,7082
22532	6,8811
22540	4,8689
22553	5,5308
22563	6,3564
22567	4,8041
22575	3,6265
22582	4,6822
22583	5,3512
22589	5,5162
22595	1,0497
22603	6,3567
22608	5,3034
22613	6,7001
22620	6,1489
22633	4,7341
22636	5,3061
22640	7,462
22647	4,5026
22650	4,3318
22651	5,3117
22661	6,1469
22668	5,8307
22669	5,7021
22672	5,2462
22678	5,8359
22683	4,4591
22696	4,0924
22698	4,5901
22702	1,1788
22703	5,8351
22705	3,8764
22708	4,5017
22714	5,7008
22716	8,6894
22718	5,8373
22719	4,7887
22720	3,9691
22725	3,7357
22726	3,8391
22733	3,9451
22734	5,5711
22737	4,5015
22742	7,2561
22743	4,9085
22746	8,6894
22747	6,009
22751	4,5565
22765	4,9004
22767	4,5552
22768	3,829
22776	8,4189
22790	4,867
22802	4,9855
22812	3,9371
22815	7,9651
22829	3,6905
22834	4,5325
22843	4,3348
22846	6,3359
22854	5,2889
22855	3,7106
22856	3,6032
22862	6,4915
22864	6,323
22867	5,0601
22868	6,4178
22871	3,6018
22873	4,4247
22884	4,4047
22887	3,6687
22888	1,0532
22898	6,2894
22899	5,608
22903	5,9195
22906	6,0675
22907	1,218
22911	6,2884
22913	1,1623
22923	6,0639
22929	4,7882
22932	3,8044
22939	6,1612
22944	3,488
22945	1,2322
22955	7,3179
22957	4,7872
22960	3,9752
22965	8,2199
22968	5,3773
22969	6,4404
22972	4,7852
22973	4,9398
22976	1,263
22983	7,3166
22986	4,3504
22989	4,9446
22995	4,9729
22997	6,3716
22998	5,8369
22999	5,5804
23006	4,6502
23009	8,7803
23020	4,9317
23023	4,5398
23026	3,5949
23027	7,1581
23035	4,0092
23037	5,9211
23039	3,841
23045	3,9307
23047	4,5967
23049	5,5801
23048	5,694
23052	8,78
23063	4,6602
23065	4,9293
23067	4,5258
23069	3,651
23070	3,5798
23078	6,2642
23080	5,9203
23092	5,7853
23094	6,2892
23101	1,6445
23108	3,9397
23111	3,5915
23114	5,7805
23115	6,2647
23122	7,0361
23136	4,9472
23138	4,0047
23144	1,2339
23148	4,4073
23161	6,1991
23162	5,6617
23165	6,2713
23168	5,4832
23177	1,2528
23183	5,2573
23188	5,186
23196	4,982
23197	4,4098
23200	5,5076
23203	5,4774
23205	5,1855
23209	4,409
23208	4,9813
23213	1,2376
23217	4,5919
23223	7,3431
23229	4,7293
23232	5,0574
23235	4,9785
23236	4,4067
23241	1,182
23242	1,1463
23245	6,2285
23246	6,7028
23251	5,9815
23257	4,7065
23259	4,9618
23258	6,5714
23261	6,5725
23265	1,2606
23269	3,3306
23270	4,5725
23272	5,7585
23274	4,2745
23277	4,7158
23278	6,571
23283	4,7051
23285	7,6268
23288	3,73
23290	5,7582
23299	6,0558
23302	3,7282
23304	5,0424
23308	7,4265
23310	3,8376
23314	6,9347
23317	4,6981
23319	4,6811
23321	6,1147
23322	5,0399
23325	4,4759
23327	7,037
23333	4,6915
23335	4,3759
23342	4,4835
23343	7,0369
23347	5,7263
23348	6,9332
23349	7,3829
23351	7,0363
23354	3,5924
23358	1,0567
23359	1,0992
23370	4,8965
23373	4,0473
23379	6,8087
23382	6,0775
23390	1,0534
23391	4,8712
23404	4,9396
23406	4,0585
23413	6,0752
23419	1,0506
23421	1,2685
23423	1,0555
23427	4,8641
23429	6,3582
23454	4,9572
23455	4,6817
23457	5,339
23462	6,0188
23464	3,6294
23463	5,5206
23468	7,2938
23471	4,9089
23478	4,0932
23483	4,6215
23489	4,5332
23491	4,8296
23492	6,0212
23495	7,9236
23496	6,0174
23499	6,1377
23500	4,9084
23522	4,1161
23525	4,6881
23528	5,9309
23532	6,8612
23543	5,9279
23545	5,5659
23561	4,0094
23563	7,0158
23574	5,7668
23580	5,6273
23581	5,2678
23582	4,2264
23586	5,9561
23592	8,3494
23593	5,0378
23596	4,8062
23598	5,3382
23599	6,2222
23603	5,7723
23604	4,9706
23608	5,9571
23617	6,106
23626	6,2254
23629	6,2124
23633	4,8335
23634	4,3862
23636	6,098
23639	6,1053
23645	4,1779
23655	6,5737
23661	5,8205
23665	5,6097
23667	5,8196
23672	6,5737
23686	6,8133
23688	5,4486
23692	1,1882
23693	8,5367
23697	6,5745
23701	4,9598
23710	3,8652
23711	7,2146
23717	4,9613
23721	6,4507
23723	3,7713
23724	1,0588
23726	1,1443
23729	4,9606
23741	6,4509
23756	4,8802
23763	6,4145
23766	5,3461
23771	4,823
23779	4,6198
23781	4,879
23796	4,8787
23800	6,6622
23803	5,1508
23805	4,9046
23813	6,2147
23819	4,8784
23822	6,6629
23829	6,2506
23839	4,8565
23841	6,6544
23843	6,1833
23847	6,3592
23848	6,5861
23852	5,1756
23853	4,67
23855	8,2372
23856	6,2111
23859	3,4455
23861	3,5215
23865	1,1245
23867	7,3155
23871	4,6633
23883	4,6642
23884	6,0616
23886	5,3506
23890	2,0935
23893	6,3578
23895	6,5863
23898	4,6745
23904	3,524
23911	7,3152
23915	4,888
23916	6,9401
23918	3,8606
23927	6,3552
23928	6,5876
23935	5,8078
23940	3,6978
23942	5,1849
23944	6,9388
23946	4,6196
23949	4,3887
23954	3,8229
23964	6,5769
23978	7,9787
23991	5,3974
23999	5,6624
24000	4,381
24004	4,0059
24010	4,8377
24014	6,0153
24021	5,6947
24023	6,3664
24024	5,7913
24026	6,0143
24033	5,9423
24037	7,035
24039	4,8344
24048	6,0081
24053	6,0082
24057	5,945
24064	7,0336
24069	4,5599
24077	5,1505
24080	5,1752
24085	4,5594
24088	5,9438
24093	7,0341
24103	7,1328
24109	4,6403
24110	1,7214
24112	4,2368
24115	6,5357
24118	5,3051
24124	5,5064
24126	5,8345
24130	7,1332
24133	4,2378
24143	4,3594
24147	4,8665
24155	5,3593
24158	5,628
24161	6,0009
24163	7,8292
24165	5,835
24166	7,9177
24167	6,0253
24170	1,1277
24174	1,088
24178	6,3285
24186	5,0602
24187	5,2266
24188	5,4585
24190	4,6143
24194	5,5128
24196	5,6282
24210	5,7608
24213	5,745
24218	5,4619
24220	4,5368
24226	5,457
24227	5,2298
24233	4,7223
24235	7,1192
24236	1,0574
24247	5,7455
24255	5,458
24256	5,2433
24260	6,222
24266	6,2276
24269	5,5197
24272	5,558
24274	4,4923
24277	6,1951
24288	1,0564
24294	5,5215
24298	5,5484
24300	3,1334
24305	4,4802
24306	4,3752
24311	5,2562
24316	3,9057
24317	4,0997
24320	6,4029
24327	4,3555
24328	4,3788
24330	4,8702
24335	5,9408
24336	5,2579
24337	7,255
24341	6,9138
24343	7,3009
24346	5,5622
24349	6,9354
24351	5,6483
24353	5,6491
24359	4,1717
24365	4,7481
24364	4,8263
24366	4,3744
24367	5,4965
24368	4,5313
24370	6,1712
24374	5,6273
24376	5,6266
24377	3,8612
24380	11,2996
24388	7,2552
24392	6,2095
24396	5,5619
24397	6,935
24409	5,4967
24410	4,1714
24412	4,8284
24413	4,7448
24414	4,3699
24422	6,1561
24425	7,2552
24429	6,2091
24430	5,5589
24438	6,1529
24440	1,2008
24442	4,8265
24443	4,1716
24447	6,1501
24452	6,6771
24456	4,1621
24458	4,5902
24470	4,8893
24473	4,2014
24474	6,0571
24477	4,9515
24481	4,045
24485	4,0778
24486	4,0903
24487	4,8854
24488	5,2027
24490	6,0561
24491	5,5444
24496	4,9454
24513	4,0489
24518	6,0937
24525	4,9895
24524	5,0552
24531	5,1184
24532	4,9313
24534	5,5414
24539	4,3177
24548	4,0492
24552	7,0252
24553	5,0518
24562	5,0546
24563	4,791
24564	4,9768
24565	5,5185
24566	6,8106
24568	4,3141
24578	4,7895
24588	6,2628
24595	4,7904
24601	5,2177
24602	6,4005
24607	6,2651
24609	6,2692
24612	3,5543
24616	4,3855
24618	4,4084
24625	6,2599
24630	6,4894
24635	3,7196
24638	6,3934
24659	5,298
24666	6,485
24674	1,1143
24675	1,1181
24680	5,4926
24685	6,874
24691	6,5538
24694	7,4302
24700	4,195
24701	4,0903
24704	5,3176
24705	1,1206
24707	6,027
24711	6,1489
24713	5,5154
24715	4,66
24718	6,8731
24725	5,3511
24726	7,4301
24728	6,1482
24730	4,2026
24734	1,1449
24741	7,1622
24745	5,7208
24749	4,6572
24753	5,1817
24756	5,3493
24766	6,6341
24779	5,2625
24781	5,0486
24785	5,0061
24790	5,8345
24794	6,4997
24799	5,0454
24803	4,9785
24806	6,8123
24807	5,0503
24808	5,0066
24809	3,1585
24813	3,5799
24815	5,8072
24818	1,2298
24828	4,6081
24829	4,2727
24841	4,8142
24842	4,1378
24845	4,9944
24847	6,8117
24854	4,0242
24855	3,7671
24857	4,1619
24858	4,5955
24861	4,2758
24862	4,6066
24866	4,8116
24868	6,4685
24871	4,6902
24874	4,9905
24876	6,3617
24880	4,0234
24882	4,595
24892	6,3596
24894	4,6902
24897	6,2692
24907	5,4563
24919	5,7908
24921	4,694
24923	6,2735
24930	5,7904
24931	1,0661
24932	1,0522
24941	5,7805
24948	5,9009
24955	1,0532
24961	7,2606
24963	5,5608
24969	4,3744
24975	4,3734
24978	7,261
24982	4,4725
24984	5,913
24988	6,0788
24995	6,5461
24996	6,9715
25008	6,0918
25009	5,9133
25011	4,6639
25012	6,2799
25020	4,511
25022	4,3587
25031	5,9142
25036	6,0765
25043	5,2735
25046	5,7509
25048	4,0302
25055	4,8102
25058	1,1351
25063	4,0312
25068	4,3441
25077	5,2725
25087	7,1163
25088	5,8089
25098	4,186
25099	4,654
25109	6,5708
25113	4,6193
25114	7,1161
25117	6,114
25122	6,1795
25124	6,4403
25125	4,1906
25131	6,57
25135	6,1217
25137	3,5991
25142	4,3988
25143	6,1158
25145	5,1022
25151	1,0474
25153	1,1234
25155	1,1183
25156	1,2303
25157	6,1501
25159	11,16
25161	5,3023
25174	4,7323
25179	1,1143
25186	3,5315
25187	11,1582
25194	7,1376
25203	3,6577
25208	3,562
25210	4,7633
25214	11,1612
25220	5,3424
25222	4,7546
25223	3,6646
25224	3,5356
25225	5,5592
25229	3,5356
25230	4,8216
25236	11,1619
25237	5,6324
25241	4,7555
25246	7,2763
25248	4,2372
25260	5,2668
25261	7,2754
25264	5,6333
25269	5,6318
25273	11,1605
25275	3,8781
25279	5,4797
25282	5,2637
25289	5,4443
25292	11,1612
25295	3,8745
25304	1,0494
25307	1,2359
25312	6,2911
25323	1,2312
25327	6,289
25329	6,4169
25334	3,6311
25339	7,305
25341	1,0499
25345	1,2351
25354	6,4183
25361	5,9376
25365	6,2421
25372	3,6026
25373	3,7117
25374	3,8415
25376	3,5477
25378	1,2381
25379	4,6836
25383	6,414
25393	4,4457
25398	3,5992
25404	4,7962
25408	6,119
25412	6,1602
25415	5,0752
25417	5,702
25426	6,1178
25429	4,8024
25441	3,8352
25442	3,1345
25443	4,3968
25445	1,2468
25447	3,5984
25448	4,1025
25449	3,4745
25456	8,8953
25463	6,1178
25466	3,5883
25467	6,1424
25469	3,5921
25472	4,802
25473	3,5877
25477	5,3727
25481	3,5795
25496	3,5841
25499	6,121
25502	5,7224
25505	3,5842
25507	3,5862
25511	3,5836
25518	3,7199
25526	3,5782
25527	3,8328
25529	3,6323
25538	1,1168
25543	3,5846
25546	3,7319
25547	3,5843
25548	6,2865
25551	5,7205
25553	4,8865
25554	3,5859
25559	5,4764
25560	4,8687
25561	5,5686
25563	7,176
25565	5,3298
25568	5,401
25571	3,5897
25573	3,5983
25575	3,5837
25576	3,5867
25579	3,5806
25580	3,5847
25583	3,5894
25584	3,5966
25585	3,5788
25586	3,5755
25587	3,5942
25588	3,5849
25589	3,5867
25594	5,7203
25595	3,5843
25598	3,6001
25599	3,5872
25601	3,5762
25604	3,6895
25608	3,5934
25611	3,8344
25619	3,5922
25620	3,7222
25622	1,0882
25624	3,5718
25628	6,7779
25634	3,5849
25636	4,124
25640	4,8691
25641	5,5769
25645	6,5432
25647	5,5852
25650	3,5775
25670	5,0499
25672	5,2592
25686	3,5968
25687	3,8325
25690	1,0891
25696	6,7771
25700	5,0517
25701	5,2581
25705	6,2175
25707	3,7866
25708	5,3259
25710	7,1325
25711	6,4778
25728	4,1401
25734	5,053
25735	5,2591
25737	5,0801
25741	3,5568
25745	3,592
25749	4,3691
25750	4,5875
25752	3,971
25753	3,6261
25756	4,1405
25762	5,2025
25766	5,0506
25773	6,4739
25775	4,1392
25779	4,3595
25782	3,6215
25790	4,6757
25792	6,283
25795	2,095
25809	4,5438
25813	6,2294
25816	6,4579
25819	3,9367
25822	3,6075
25825	6,2295
25833	4,5432
25834	11,0681
25835	5,1081
25839	6,2287
25845	5,0611
25850	6,2288
25851	4,5432
25852	11,0638
25868	5,6222
25870	5,6336
25871	6,0554
25872	7,5593
25876	4,7141
25882	4,9497
25886	6,0275
25889	6,0165
25896	4,9423
25905	4,6972
25911	5,1627
25913	6,3398
25917	6,0134
25921	5,1644
25933	1,0582
25938	4,5388
25939	4,1245
25944	5,3475
25945	4,6087
25947	4,9849
25951	5,5998
25956	6,9112
25961	5,1633
25962	4,5389
25963	6,0325
25964	3,7574
25966	4,0904
25970	5,1645
25973	3,5565
25981	5,3512
25984	6,2479
25993	6,9119
25994	5,1624
25997	5,0469
26006	5,3524
26013	6,9112
26015	3,598
26025	4,6044
26030	7,0074
26031	6,0601
26034	4,6014
26037	1,2234
26047	5,9007
26049	6,2944
26051	6,0592
26052	7,0088
26057	6,272
26058	5,4783
26061	1,2704
26062	1,4951
26066	7,0089
26068	5,4919
26069	6,466
26070	1,2721
26071	1,1078
26075	4,8858
26076	6,4667
26079	6,4606
26086	7,6627
26088	6,4399
26090	7,2646
26091	5,5121
26097	6,2277
26103	6,9279
26104	5,1915
26114	6,0613
26116	6,9291
26117	5,1842
26118	5,206
26124	5,5694
26136	8,2209
26137	1,1124
26140	5,3869
26150	7,5803
26164	7,5815
26173	1,1102
26188	6,1712
26192	7,614
26196	5,6286
26202	4,6514
26203	4,2141
26205	5,6428
26206	5,3349
26207	4,9426
26209	1,1091
26214	5,63
26218	5,6606
26219	5,5391
26222	5,1029
26229	6,3431
26233	5,6413
26234	5,6308
26245	1,1184
26247	4,6515
26249	4,2146
26250	5,6421
26256	5,6298
26267	4,6512
26268	5,6432
26271	3,8257
26280	4,2738
26281	4,3541
26284	6,3643
26285	3,7896
26287	4,6469
26293	1,0878
26294	1,2657
26299	6,347
26302	6,3857
26307	6,3641
26308	4,0336
26313	5,0153
26314	6,3417
26320	4,405
26321	4,9758
26323	4,9771
26326	5,7046
26327	6,3401
26333	5,0444
26339	5,053
26341	6,4446
26346	4,9502
26349	5,043
26359	5,3705
26363	4,6042
26366	6,5713
26370	5,3695
26371	5,9243
26377	5,9257
26380	4,69
26382	4,7083
26385	5,9188
26395	5,1164
26404	5,1743
26411	5,0947
26414	7,2252
26416	5,1177
26419	4,878
26421	7,0052
26423	5,7734
26425	5,7981
26428	6,311
26449	5,6477
26462	3,6781
26467	4,7627
26471	5,6475
26473	6,3855
26478	5,9412
26479	6,3873
26494	7,0626
26495	6,6781
26496	7,0497
26498	6,3859
26500	7,7077
26504	1,2426
26505	3,4877
26514	7,7077
26519	6,6761
26521	8,3989
26526	3,6583
26534	3,9078
26536	3,8478
26546	3,8452
26551	4,1163
26557	1,7293
26565	10,1923
26569	6,1566
26574	10,1934
26576	6,1552
26578	5,762
26579	4,1345
26581	1,0769
26583	7,3455
26587	5,1837
26595	5,1797
26615	6,3473
26620	1,0798
26625	5,4092
26631	6,3452
26633	4,7057
26639	5,3994
26641	3,561
26649	5,9887
26654	4,0948
26656	5,3935
26659	5,4125
26660	8,0566
26662	6,1637
26666	4,7053
26670	5,3988
26681	4,7137
26685	4,095
26687	5,4038
26694	5,5822
26698	4,6702
26705	5,8239
26721	4,3591
26740	4,6778
26742	3,8136
26745	1,0868
26750	6,2293
26753	6,1513
26759	4,903
26767	5,9113
26771	6,0202
26776	4,9009
26778	1,1175
26781	1,0812
26783	6,1531
26791	8,4174
26794	5,1006
26797	5,0976
26802	5,0634
26805	6,055
26807	5,0575
26808	4,1024
26811	8,4183
26814	6,9268
26818	6,9268
26820	5,0587
26821	6,0561
26829	6,9269
26838	5,6942
26839	4,9422
26842	5,6935
26860	6,918
26859	7,192
26861	7,5099
26864	3,7021
26870	1,0789
26878	6,1553
26884	6,2312
26889	5,3898
26892	6,1562
26897	6,8866
26902	5,3113
26906	4,2049
26907	4,425
26908	1,2695
26916	6,2324
26919	5,385
26920	5,4927
26921	6,8873
26924	7,8135
26931	7,8249
26939	6,4621
26949	6,887
26952	7,825
26954	7,0897
26965	6,2377
26968	7,8214
26976	6,2709
26979	5,3389
26981	6,2352
26995	6,2655
26996	7,0632
26999	6,905
27005	3,6416
27012	5,2919
27014	7,0646
27019	7,0663
27021	6,8728
27037	1,0597
27038	1,065
27039	4,342
27040	1,1395
27044	5,2934
27045	7,0644
27061	4,9937
27062	1,2626
27063	1,6457
27066	4,1731
27075	4,9893
27076	5,5139
27079	4,5408
27085	5,2221
27090	4,6993
27091	7,4623
27105	6,6803
27106	6,2107
27108	7,4677
27109	7,4615
27115	4,6984
27118	1,0847
27119	3,8676
27120	5,2085
27123	4,6967
27132	6,2115
27136	4,6955
27139	3,8696
27140	4,7167
27143	4,6903
27146	6,8035
27149	5,6569
27151	6,0558
27152	6,2152
27154	5,8019
27159	1,0554
27164	6,8089
27165	4,6216
27168	5,6564
27171	6,0539
27174	5,968
27175	5,6746
27178	5,9736
27189	5,6251
27190	5,6649
27193	6,1835
27198	5,6303
27200	6,1911
27206	6,1755
27207	5,6265
27209	6,2033
27212	6,1832
27213	5,6268
27216	6,6989
27217	4,2127
27224	1,0654
27226	5,188
27231	6,6978
27239	4,2055
27243	4,5763
27244	4,9529
27247	5,5606
27255	4,2031
27256	1,0556
27257	4,5749
27260	5,5614
27268	5,4317
27280	6,5695
27294	4,9911
27297	5,7162
27300	4,9886
27306	6,652
27307	5,3611
27309	6,6518
27311	5,3636
27312	6,6545
27316	5,2244
27319	7,8185
27324	5,2211
27328	5,7704
27329	6,4013
27337	7,2595
27338	8,2114
27340	7,2611
27341	7,2618
27349	4,097
27350	4,8804
27354	7,2637
27360	5,8734
27364	4,0956
27365	4,8791
27368	5,3442
27369	1,1075
27373	5,8772
27375	6,3152
27384	1,1114
27392	3,6057
27397	1,1005
27400	7,2671
27403	1,0555
27404	1,0845
27406	1,1031
27407	5,7824
27409	1,0572
27412	1,1054
27420	5,8339
27423	6,5021
27426	6,5029
27428	1,0581
27440	5,8336
27446	5,8338
27462	1,2369
27463	1,2654
27465	5,3556
27473	6,2393
27475	7,222
27477	5,3546
27481	5,489
27484	6,2443
27486	7,2211
27493	7,6159
27495	6,568
27497	7,3017
27500	7,617
27501	6,5678
27502	6,0264
27504	1,6643
27505	6,0323
27510	5,5655
27517	7,6156
27523	4,7248
27526	7,2768
27527	6,562
27529	7,3126
27532	7,2724
27533	4,7217
27543	4,9814
27551	4,9823
27553	4,9781
27556	8,5117
27563	8,5104
27564	6,3783
27571	1,2334
27582	5,4078
27583	5,5889
27585	4,4632
27588	6,1547
27590	5,4171
27592	4,2869
27599	1,1811
27615	6,9025
27628	5,1422
27629	4,8512
27645	6,3491
27648	5,3653
27654	3,8419
27655	3,7412
27659	4,3946
27660	5,3669
27676	5,1819
27679	3,9468
27688	7,1399
27690	4,879
27692	5,9569
27697	5,4555
27701	6,4645
27714	5,4566
27721	5,4599
27724	5,6238
27725	5,0456
27728	5,4596
27735	4,6528
27737	5,7186
27743	6,2615
27744	4,2914
27746	4,639
27757	6,1752
27763	6,1733
27766	1,2281
27774	1,0964
27775	6,3507
27780	4,4174
27795	4,6578
27797	5,5374
27805	5,5376
27810	5,4579
27816	5,8434
27818	4,8175
27822	5,8453
27824	4,8176
27825	1,2254
27826	1,2231
27829	1,2219
27830	1,0879
27832	5,241
27839	3,6236
27840	3,7199
27846	3,622
27849	6,383
27852	3,6244
27855	1,09
27856	6,3839
27859	1,0652
27870	5,098
27882	8,2147
27884	3,7759
27887	5,0212
27890	8,2134
27894	5,1795
27897	5,6261
27900	5,629
27907	5,6276
27910	9,2773
27911	9,2768
27920	3,4844
27923	4,5567
27934	4,7105
27940	7,2211
27951	7,9549
27955	6,237
27957	6,234
27962	6,2366
27968	1,0844
27969	1,0856
27972	1,0801
27974	5,2701
27976	6,5394
27981	1,2151
27990	1,2221
27995	5,2554
27997	5,2556
28003	4,7474
28004	5,0269
28013	6,877
28021	3,7204
28034	6,7711
28041	5,7746
28043	5,4975
28052	6,9593
28053	1,714
28055	6,9622
28057	5,6857
28058	5,7065
28069	5,3964
28073	5,3985
28082	4,8742
28086	7,7322
28091	6,0546
28100	4,2163
28103	4,2131
28105	4,2146
28106	7,3496
28119	4,5136
28121	5,0917
28122	5,3021
28124	5,3035
28126	5,3028
28136	6,0078
28137	6,0077
28140	6,0079
28143	6,009
28145	6,0269
28146	1,1083
28147	6,0129
28148	5,9981
28156	1,2619
28157	1,6169
28159	5,401
28163	5,4013
28166	5,2471
28168	5,3993
28174	5,2473
28179	5,2468
28180	1,0528
28181	5,2492
28186	5,0747
28190	5,0742
28194	5,3478
28198	4,515
28199	5,2691
28201	4,6224
28208	4,5154
28209	5,2743
28210	4,6209
28215	4,5135
28246	5,1084
28248	5,1138
28249	5,0978
28252	3,6445
28253	3,9379
28254	5,1075
28256	5,1088
28260	1,0608
28262	6,5059
28263	6,5021
28266	7,1458
28268	7,1439
28271	7,5718
28275	5,0539
28277	5,0526
28282	6,9083
28294	6,0245
28295	5,5822
28299	5,5888
28302	5,5821
28303	5,5916
28306	6,2292
28312	7,487
28317	6,1516
28319	6,1406
28320	6,1515
28325	7,2761
28328	7,2795
28330	7,2776
28333	4,5234
28339	3,6024
28353	6,2636
28355	6,2621
28372	1,2005
28388	6,6781
28391	6,6744
28398	7,273
28399	7,2768
28405	5,2242
28407	5,2236
28415	5,3501
28417	5,3554
28422	5,3542
28438	3,7969
